3.620390319824218750e+01
3.519509124755859375e+01
3.479614639282226562e+01
3.698195266723632812e+01
3.657098770141601562e+01
3.569208908081054688e+01
3.678446578979492188e+01
3.731799697875976562e+01
3.575817489624023438e+01
3.780490875244140625e+01
3.393198394775390625e+01
3.634997177124023438e+01
3.797549057006835938e+01
3.801865386962890625e+01
3.619551849365234375e+01
3.495857620239257812e+01
3.521325302124023438e+01
3.443098068237304688e+01
3.527722549438476562e+01
3.901340103149414062e+01
3.560543823242187500e+01
3.631547927856445312e+01
3.521706008911132812e+01
3.640141296386718750e+01
3.675533676147460938e+01
3.482271957397460938e+01
3.514138031005859375e+01
3.608079910278320312e+01
3.395906066894531250e+01
3.691899108886718750e+01
3.772646713256835938e+01
3.814434051513671875e+01
3.701305007934570312e+01
3.455638885498046875e+01
3.476119995117187500e+01
3.687789535522460938e+01
3.554293060302734375e+01
3.577761077880859375e+01
3.630203247070312500e+01
3.525941848754882812e+01
3.439152526855468750e+01
3.549325942993164062e+01
3.447274017333984375e+01
3.508279418945312500e+01
3.588193130493164062e+01
3.782309722900390625e+01
3.295391845703125000e+01
3.504030990600585938e+01
3.543207168579101562e+01
3.874884796142578125e+01
3.560720062255859375e+01
3.363016128540039062e+01
3.486410522460937500e+01
3.348598480224609375e+01
3.617881393432617188e+01
3.432776260375976562e+01
3.601147460937500000e+01
3.393304824829101562e+01
3.598101806640625000e+01
3.657451248168945312e+01
3.568308258056640625e+01
3.564092636108398438e+01
3.153072166442871094e+01
3.485863876342773438e+01
3.492305755615234375e+01
3.231101608276367188e+01
3.501157760620117188e+01
3.458313751220703125e+01
3.735457229614257812e+01
3.383182144165039062e+01
3.385683059692382812e+01
3.675273132324218750e+01
3.386052322387695312e+01
3.623800659179687500e+01
3.318582916259765625e+01
3.281143188476562500e+01
3.385521316528320312e+01
3.491692352294921875e+01
3.515149307250976562e+01
3.390662765502929688e+01
3.434576416015625000e+01
3.506010055541992188e+01
3.474046707153320312e+01
3.387603759765625000e+01
3.650817489624023438e+01
3.441468048095703125e+01
3.457908630371093750e+01
3.211090469360351562e+01
3.359574127197265625e+01
3.324936676025390625e+01
3.262619018554687500e+01
3.279024887084960938e+01
3.363771057128906250e+01
3.477141571044921875e+01
3.403641128540039062e+01
3.210576248168945312e+01
3.446833419799804688e+01
3.200179290771484375e+01
3.167876815795898438e+01
3.586529541015625000e+01
3.369663619995117188e+01
3.701230239868164062e+01
3.485791397094726562e+01
3.497591400146484375e+01
3.401771163940429688e+01
3.376047897338867188e+01
3.373604583740234375e+01
3.299425888061523438e+01
3.565925979614257812e+01
3.283274841308593750e+01
3.338436889648437500e+01
3.444996261596679688e+01
3.715977859497070312e+01
3.115300941467285156e+01
3.282514953613281250e+01
3.131920814514160156e+01
3.422784423828125000e+01
3.203139114379882812e+01
3.354961013793945312e+01
3.321850585937500000e+01
3.334690093994140625e+01
3.370583724975585938e+01
3.443434906005859375e+01
3.244973754882812500e+01
3.398246002197265625e+01
3.424459457397460938e+01
3.274312973022460938e+01
3.480078506469726562e+01
3.140731430053710938e+01
3.365068054199218750e+01
3.170819854736328125e+01
3.148055458068847656e+01
3.330588150024414062e+01
3.218239593505859375e+01
3.244275283813476562e+01
3.248228836059570312e+01
3.257849884033203125e+01
3.192908477783203125e+01
3.483763504028320312e+01
3.219118118286132812e+01
3.329099273681640625e+01
3.383648300170898438e+01
3.121111488342285156e+01
3.364209365844726562e+01
3.254171371459960938e+01
2.976961135864257812e+01
3.248592376708984375e+01
3.275329971313476562e+01
3.452670288085937500e+01
3.104531669616699219e+01
3.302107238769531250e+01
3.370303344726562500e+01
3.160692024230957031e+01
3.370380783081054688e+01
3.327873611450195312e+01
3.311736297607421875e+01
3.425649642944335938e+01
3.036073493957519531e+01
3.236218261718750000e+01
3.154865074157714844e+01
3.252350616455078125e+01
3.099904060363769531e+01
3.050025367736816406e+01
3.157088661193847656e+01
3.145111083984375000e+01
3.171562004089355469e+01
3.162806892395019531e+01
3.328609466552734375e+01
3.210626602172851562e+01
3.069938659667968750e+01
3.159825134277343750e+01
3.180770492553710938e+01
2.871751594543457031e+01
3.237085723876953125e+01
3.070554542541503906e+01
3.238533782958984375e+01
3.011071586608886719e+01
3.117072868347167969e+01
3.163426780700683594e+01
3.235403442382812500e+01
3.072856140136718750e+01
3.218468475341796875e+01
2.934105110168457031e+01
3.100956726074218750e+01
3.096355056762695312e+01
3.028746032714843750e+01
3.148854446411132812e+01
3.123785591125488281e+01
3.045590019226074219e+01
3.020550537109375000e+01
3.131549835205078125e+01
3.082093238830566406e+01
3.316754913330078125e+01
3.108364295959472656e+01
3.243447113037109375e+01
3.188571357727050781e+01
3.224620437622070312e+01
3.124409484863281250e+01
2.973037338256835938e+01
3.102394485473632812e+01
3.150205612182617188e+01
3.053649139404296875e+01
3.018405532836914062e+01
3.120935058593750000e+01
2.916352081298828125e+01
2.933861541748046875e+01
3.080477333068847656e+01
3.176886749267578125e+01
3.162768363952636719e+01
3.037481307983398438e+01
3.055623054504394531e+01
2.964360809326171875e+01
3.023599433898925781e+01
3.149117851257324219e+01
3.099888801574707031e+01
3.134331893920898438e+01
2.954998016357421875e+01
3.019903182983398438e+01
3.021563529968261719e+01
3.013258552551269531e+01
2.948727226257324219e+01
2.846528053283691406e+01
3.066417884826660156e+01
3.047977828979492188e+01
3.154867744445800781e+01
3.063031578063964844e+01
3.131038475036621094e+01
3.009887313842773438e+01
3.022791671752929688e+01
3.052438735961914062e+01
2.953046226501464844e+01
2.914482116699218750e+01
3.131709098815917969e+01
2.990318679809570312e+01
3.090112113952636719e+01
2.843617057800292969e+01
2.761065483093261719e+01
3.009770584106445312e+01
3.037864875793457031e+01
2.940549468994140625e+01
3.111604118347167969e+01
3.208455276489257812e+01
3.023342132568359375e+01
3.049850273132324219e+01
3.022736549377441406e+01
2.967275810241699219e+01
2.966265678405761719e+01
2.946996879577636719e+01
3.107593727111816406e+01
3.129376602172851562e+01
2.927105903625488281e+01
2.797514152526855469e+01
2.835920906066894531e+01
2.905524063110351562e+01
3.008606338500976562e+01
3.037272644042968750e+01
3.062452697753906250e+01
3.109593582153320312e+01
2.899990272521972656e+01
2.916389465332031250e+01
2.920732688903808594e+01
3.013959503173828125e+01
2.860606384277343750e+01
2.916740608215332031e+01
2.841799545288085938e+01
3.128693771362304688e+01
2.892552375793457031e+01
2.966692733764648438e+01
2.915507316589355469e+01
2.971175384521484375e+01
2.971528053283691406e+01
2.890598487854003906e+01
2.658110237121582031e+01
3.009109115600585938e+01
3.048302078247070312e+01
3.008238601684570312e+01
2.962511253356933594e+01
2.772782516479492188e+01
2.893791007995605469e+01
2.876969718933105469e+01
2.976196861267089844e+01
2.703152275085449219e+01
2.990202903747558594e+01
3.029814910888671875e+01
2.753710937500000000e+01
2.873654556274414062e+01
2.823072624206542969e+01
2.868448257446289062e+01
2.731734848022460938e+01
2.768203544616699219e+01
2.889562797546386719e+01
2.750990867614746094e+01
2.849552917480468750e+01
2.937121009826660156e+01
2.964355278015136719e+01
2.838229560852050781e+01
2.794288253784179688e+01
2.813713073730468750e+01
3.060901451110839844e+01
2.862519836425781250e+01
2.900392723083496094e+01
2.877559471130371094e+01
2.814989280700683594e+01
2.830472373962402344e+01
2.887431144714355469e+01
2.749856948852539062e+01
2.872858619689941406e+01
2.938094139099121094e+01
2.886779022216796875e+01
2.838215255737304688e+01
2.652898597717285156e+01
2.926834487915039062e+01
2.819533920288085938e+01
2.876327514648437500e+01
2.726122283935546875e+01
2.810448837280273438e+01
2.895896339416503906e+01
2.945374298095703125e+01
2.833155441284179688e+01
2.802218818664550781e+01
2.793951034545898438e+01
2.778858947753906250e+01
2.911446952819824219e+01
2.765560722351074219e+01
2.731174468994140625e+01
2.775929450988769531e+01
2.707937431335449219e+01
2.851623344421386719e+01
2.747562408447265625e+01
2.971315956115722656e+01
2.802336692810058594e+01
2.760154724121093750e+01
2.796662521362304688e+01
2.723882484436035156e+01
2.898438644409179688e+01
2.808076286315917969e+01
2.894931030273437500e+01
2.781587409973144531e+01
2.745515060424804688e+01
2.753755569458007812e+01
2.705641365051269531e+01
2.891012954711914062e+01
2.798822402954101562e+01
2.715585517883300781e+01
2.764867591857910156e+01
2.660740661621093750e+01
2.853316116333007812e+01
2.760654449462890625e+01
2.752681732177734375e+01
2.788547515869140625e+01
2.705074501037597656e+01
2.933910942077636719e+01
2.770376014709472656e+01
2.709831428527832031e+01
2.661364746093750000e+01
2.765793037414550781e+01
2.945777130126953125e+01
2.753422355651855469e+01
2.675363349914550781e+01
2.709655189514160156e+01
2.954762458801269531e+01
2.607317352294921875e+01
2.860123252868652344e+01
2.802924537658691406e+01
2.775276565551757812e+01
2.861621475219726562e+01
2.765250015258789062e+01
2.876306343078613281e+01
2.748520660400390625e+01
2.623839759826660156e+01
2.910391044616699219e+01
2.807305335998535156e+01
2.929402542114257812e+01
2.660071563720703125e+01
2.911053085327148438e+01
2.754491233825683594e+01
2.697441291809082031e+01
2.725228881835937500e+01
2.700172996520996094e+01
2.908666419982910156e+01
2.768259429931640625e+01
2.672244453430175781e+01
2.522520446777343750e+01
2.683264541625976562e+01
2.861442375183105469e+01
2.647059249877929688e+01
2.811630439758300781e+01
2.866567611694335938e+01
2.729868125915527344e+01
2.675341987609863281e+01
2.634083938598632812e+01
2.864049911499023438e+01
2.703099250793457031e+01
2.673964500427246094e+01
2.643729782104492188e+01
2.666796302795410156e+01
2.665111160278320312e+01
2.635140037536621094e+01
2.663609886169433594e+01
2.599820899963378906e+01
2.717403984069824219e+01
2.900384521484375000e+01
2.628899002075195312e+01
2.560905456542968750e+01
2.703619194030761719e+01
2.981956672668457031e+01
2.675373840332031250e+01
2.630256080627441406e+01
2.657727622985839844e+01
2.894116210937500000e+01
2.740315055847167969e+01
2.787741088867187500e+01
2.682925605773925781e+01
2.953046226501464844e+01
2.858549118041992188e+01
2.534020423889160156e+01
2.578434371948242188e+01
2.689344596862792969e+01
2.698961448669433594e+01
2.545381546020507812e+01
2.566107940673828125e+01
2.640409278869628906e+01
2.479289627075195312e+01
2.685559463500976562e+01
2.639196586608886719e+01
2.626715850830078125e+01
2.629776191711425781e+01
2.520651245117187500e+01
2.731064414978027344e+01
2.554385566711425781e+01
2.654479598999023438e+01
2.631696510314941406e+01
2.565078735351562500e+01
2.594386291503906250e+01
2.455073928833007812e+01
2.513372611999511719e+01
2.772975921630859375e+01
2.651704025268554688e+01
2.623996925354003906e+01
2.508544540405273438e+01
2.589487648010253906e+01
2.400910377502441406e+01
2.674620437622070312e+01
2.582795906066894531e+01
2.653877258300781250e+01
2.678661155700683594e+01
2.574042129516601562e+01
2.590218162536621094e+01
2.581714630126953125e+01
2.522360610961914062e+01
2.528351402282714844e+01
2.544233512878417969e+01
2.674523544311523438e+01
2.866545867919921875e+01
2.481649398803710938e+01
2.541669464111328125e+01
2.755777549743652344e+01
2.504884338378906250e+01
2.556011581420898438e+01
2.674925041198730469e+01
2.564277648925781250e+01
2.600609207153320312e+01
2.655990791320800781e+01
2.511178398132324219e+01
2.614696693420410156e+01
2.487754821777343750e+01
2.455359840393066406e+01
2.866713714599609375e+01
2.594971084594726562e+01
2.605124282836914062e+01
2.533245849609375000e+01
2.498116683959960938e+01
2.618340110778808594e+01
2.550795745849609375e+01
2.500630760192871094e+01
2.517747688293457031e+01
2.529878997802734375e+01
2.597199058532714844e+01
2.563985633850097656e+01
2.561428833007812500e+01
2.579498863220214844e+01
2.483920860290527344e+01
2.470752525329589844e+01
2.426472282409667969e+01
2.381226539611816406e+01
2.489486503601074219e+01
2.545831108093261719e+01
2.470606613159179688e+01
2.464507293701171875e+01
2.511087036132812500e+01
2.311493492126464844e+01
2.556935501098632812e+01
2.543330764770507812e+01
2.623952484130859375e+01
2.484099578857421875e+01
2.428756713867187500e+01
2.478545761108398438e+01
2.502765846252441406e+01
2.605743598937988281e+01
2.587244796752929688e+01
