8.437355468750000000e+03
8.316399414062500000e+03
7.806046875000000000e+03
6.272286621093750000e+03
4.705194824218750000e+03
3.547249511718750000e+03
2.850983398437500000e+03
2.305289306640625000e+03
1.939176879882812500e+03
1.753058837890625000e+03
1.648651245117187500e+03
1.451500610351562500e+03
1.371373779296875000e+03
1.304015136718750000e+03
1.237103637695312500e+03
1.179093872070312500e+03
1.087983398437500000e+03
1.075961669921875000e+03
1.046327148437500000e+03
9.835197753906250000e+02
9.488551635742187500e+02
9.158396606445312500e+02
9.056735229492187500e+02
8.558303833007812500e+02
8.270711059570312500e+02
8.299981689453125000e+02
8.053204345703125000e+02
7.785038452148437500e+02
7.556662597656250000e+02
7.372105102539062500e+02
7.334744873046875000e+02
7.207961425781250000e+02
7.017188720703125000e+02
6.820681152343750000e+02
6.728294067382812500e+02
6.761165161132812500e+02
6.566737670898437500e+02
6.592116088867187500e+02
6.424779663085937500e+02
6.248563232421875000e+02
6.215093383789062500e+02
6.112969970703125000e+02
6.119242553710937500e+02
6.029933471679687500e+02
5.776895751953125000e+02
5.798707885742187500e+02
5.883385620117187500e+02
5.754164428710937500e+02
5.742518920898437500e+02
5.590177001953125000e+02
5.429543457031250000e+02
5.456309814453125000e+02
5.199996337890625000e+02
5.350798339843750000e+02
5.207505493164062500e+02
5.176358032226562500e+02
5.143381958007812500e+02
5.127000732421875000e+02
5.179782104492187500e+02
4.930847473144531250e+02
5.015204467773437500e+02
4.799638977050781250e+02
4.914210205078125000e+02
4.705184020996093750e+02
4.823837585449218750e+02
4.707322998046875000e+02
4.624802856445312500e+02
4.621306762695312500e+02
4.511309814453125000e+02
4.511923522949218750e+02
4.508720092773437500e+02
4.370561523437500000e+02
4.371162109375000000e+02
4.354591064453125000e+02
4.257105712890625000e+02
4.216321411132812500e+02
4.121705322265625000e+02
4.107084350585937500e+02
3.998027343750000000e+02
3.943444213867187500e+02
3.934246520996093750e+02
3.896942138671875000e+02
3.776130676269531250e+02
3.830750732421875000e+02
3.640458984375000000e+02
3.553612365722656250e+02
3.590583496093750000e+02
3.629645080566406250e+02
3.464563598632812500e+02
3.369543457031250000e+02
3.306956787109375000e+02
3.421965026855468750e+02
3.242658386230468750e+02
3.291949462890625000e+02
3.207421264648437500e+02
3.120102539062500000e+02
3.064365539550781250e+02
2.994122314453125000e+02
2.916272583007812500e+02
2.992484130859375000e+02
2.812582092285156250e+02
2.839264526367187500e+02
2.855412902832031250e+02
2.716693725585937500e+02
2.687276611328125000e+02
2.643072814941406250e+02
2.621807250976562500e+02
2.586544799804687500e+02
2.633572692871093750e+02
2.466375732421875000e+02
2.464181060791015625e+02
2.408904724121093750e+02
2.359077606201171875e+02
2.296762695312500000e+02
2.284322204589843750e+02
2.314713439941406250e+02
2.323815307617187500e+02
2.141769561767578125e+02
2.253156738281250000e+02
2.093200836181640625e+02
2.122900085449218750e+02
2.100486907958984375e+02
1.992220611572265625e+02
2.068182983398437500e+02
1.959953460693359375e+02
1.966771087646484375e+02
1.996999359130859375e+02
1.843425598144531250e+02
1.882703704833984375e+02
1.848371276855468750e+02
1.859603881835937500e+02
1.875471496582031250e+02
1.858062438964843750e+02
1.864491577148437500e+02
1.772494964599609375e+02
1.647308044433593750e+02
1.799685821533203125e+02
1.674026641845703125e+02
1.761077575683593750e+02
1.724350738525390625e+02
1.690625915527343750e+02
1.646057891845703125e+02
1.648374938964843750e+02
1.599877319335937500e+02
1.665494232177734375e+02
1.554299163818359375e+02
1.526075439453125000e+02
1.598001251220703125e+02
1.524681854248046875e+02
1.505116729736328125e+02
1.586202392578125000e+02
1.484979553222656250e+02
1.565524139404296875e+02
1.495224609375000000e+02
1.492325592041015625e+02
1.537511444091796875e+02
1.490702819824218750e+02
1.447627258300781250e+02
1.511547698974609375e+02
1.385518341064453125e+02
1.435384674072265625e+02
1.432926940917968750e+02
1.403816223144531250e+02
1.444694671630859375e+02
1.439118347167968750e+02
1.411402893066406250e+02
1.366874389648437500e+02
1.377136077880859375e+02
1.343583374023437500e+02
1.343641204833984375e+02
1.359665832519531250e+02
1.282485809326171875e+02
1.342945709228515625e+02
1.346592559814453125e+02
1.312249908447265625e+02
1.373729400634765625e+02
1.300854797363281250e+02
1.317248077392578125e+02
1.221208038330078125e+02
1.274577560424804688e+02
1.298844909667968750e+02
1.240824737548828125e+02
1.259942779541015625e+02
1.282830047607421875e+02
1.271040802001953125e+02
1.224300689697265625e+02
1.235030288696289062e+02
1.249058456420898438e+02
1.236931152343750000e+02
1.213169631958007812e+02
1.221607589721679688e+02
1.223409729003906250e+02
1.202001876831054688e+02
1.217414321899414062e+02
1.127684020996093750e+02
1.217199859619140625e+02
1.178354492187500000e+02
1.202987060546875000e+02
1.211473617553710938e+02
1.139749145507812500e+02
1.171973037719726562e+02
1.180134963989257812e+02
1.138019866943359375e+02
1.133031463623046875e+02
1.125144424438476562e+02
1.133724060058593750e+02
1.134127197265625000e+02
1.180361404418945312e+02
1.136455307006835938e+02
1.111747131347656250e+02
1.132995300292968750e+02
1.145970611572265625e+02
1.100854339599609375e+02
1.109104537963867188e+02
1.121944198608398438e+02
1.102604751586914062e+02
1.063979339599609375e+02
1.083988189697265625e+02
1.072672500610351562e+02
1.088081359863281250e+02
1.082642059326171875e+02
1.052075729370117188e+02
1.044598007202148438e+02
1.059141006469726562e+02
1.070037155151367188e+02
1.097267608642578125e+02
1.031932830810546875e+02
1.050475463867187500e+02
1.065122375488281250e+02
1.005827713012695312e+02
1.001332321166992188e+02
1.028759307861328125e+02
1.069922943115234375e+02
9.937285614013671875e+01
1.002679824829101562e+02
1.042340850830078125e+02
1.015579376220703125e+02
9.859989166259765625e+01
1.054813308715820312e+02
9.874513244628906250e+01
1.008486862182617188e+02
1.035962066650390625e+02
1.019259872436523438e+02
9.660855865478515625e+01
9.445202636718750000e+01
9.881983947753906250e+01
9.644281005859375000e+01
9.946334838867187500e+01
9.254444885253906250e+01
9.752608489990234375e+01
9.475113677978515625e+01
9.641017150878906250e+01
9.710253143310546875e+01
9.514508056640625000e+01
9.709342193603515625e+01
9.107356262207031250e+01
9.738507080078125000e+01
9.540511322021484375e+01
9.216910552978515625e+01
9.061323547363281250e+01
9.022894287109375000e+01
9.320266723632812500e+01
9.317517089843750000e+01
9.254261779785156250e+01
9.201937103271484375e+01
9.163088989257812500e+01
8.804016876220703125e+01
9.334487915039062500e+01
8.860569763183593750e+01
9.087319946289062500e+01
8.758705139160156250e+01
9.574173736572265625e+01
8.460160827636718750e+01
9.236619567871093750e+01
8.984442138671875000e+01
9.109014129638671875e+01
8.692023468017578125e+01
8.726676177978515625e+01
8.709781646728515625e+01
9.000467681884765625e+01
8.500364685058593750e+01
8.560747528076171875e+01
8.755023956298828125e+01
8.643753814697265625e+01
8.278882598876953125e+01
8.208587646484375000e+01
8.646132659912109375e+01
8.308123779296875000e+01
8.528012847900390625e+01
8.699793243408203125e+01
8.117404174804687500e+01
8.123188781738281250e+01
8.243811035156250000e+01
8.174613952636718750e+01
8.014737701416015625e+01
8.083717346191406250e+01
8.368154907226562500e+01
8.224187469482421875e+01
8.125744628906250000e+01
8.559381866455078125e+01
8.115249633789062500e+01
7.917115020751953125e+01
7.935984802246093750e+01
8.005470275878906250e+01
8.215755462646484375e+01
8.031306457519531250e+01
8.045708465576171875e+01
8.077428436279296875e+01
8.132670593261718750e+01
7.906553649902343750e+01
8.260617828369140625e+01
7.793489074707031250e+01
8.306884765625000000e+01
8.101667022705078125e+01
7.610521697998046875e+01
8.000877380371093750e+01
7.737226867675781250e+01
7.777359008789062500e+01
7.722164154052734375e+01
7.667309570312500000e+01
7.574352264404296875e+01
7.849404907226562500e+01
7.798666381835937500e+01
7.608330535888671875e+01
7.880983734130859375e+01
7.574420928955078125e+01
8.064857482910156250e+01
7.179231262207031250e+01
7.534040069580078125e+01
7.783428955078125000e+01
7.506118774414062500e+01
7.317939758300781250e+01
7.250154113769531250e+01
7.228855133056640625e+01
7.435694885253906250e+01
7.796401977539062500e+01
7.564364624023437500e+01
7.322757720947265625e+01
7.385918426513671875e+01
7.375080108642578125e+01
7.189579772949218750e+01
7.516582489013671875e+01
6.928886413574218750e+01
7.688726043701171875e+01
7.329332733154296875e+01
7.676768493652343750e+01
7.025542449951171875e+01
7.099610900878906250e+01
6.842186737060546875e+01
7.149650573730468750e+01
6.940377044677734375e+01
7.235463714599609375e+01
7.285733032226562500e+01
6.950076293945312500e+01
7.129387664794921875e+01
7.025379943847656250e+01
7.185389709472656250e+01
6.874721527099609375e+01
7.028106689453125000e+01
7.193107604980468750e+01
7.119310760498046875e+01
6.791413879394531250e+01
7.073032379150390625e+01
6.996030426025390625e+01
6.784397888183593750e+01
7.067553710937500000e+01
6.786052703857421875e+01
6.845571899414062500e+01
6.829840850830078125e+01
7.358184051513671875e+01
6.807378387451171875e+01
7.204952239990234375e+01
6.899942779541015625e+01
6.737142181396484375e+01
6.779052734375000000e+01
6.919879150390625000e+01
7.142153167724609375e+01
6.796080017089843750e+01
6.865183258056640625e+01
6.640887451171875000e+01
6.887308502197265625e+01
6.296507644653320312e+01
7.051187896728515625e+01
6.547322845458984375e+01
6.739706420898437500e+01
6.864488220214843750e+01
6.587744140625000000e+01
6.762085723876953125e+01
6.540937042236328125e+01
6.584536743164062500e+01
6.481658935546875000e+01
6.676030731201171875e+01
6.715615081787109375e+01
6.530200195312500000e+01
6.514224243164062500e+01
6.354544448852539062e+01
6.406272125244140625e+01
6.570844268798828125e+01
6.351560211181640625e+01
6.452130126953125000e+01
6.333200073242187500e+01
6.390915298461914062e+01
6.332814788818359375e+01
6.715232849121093750e+01
6.161056518554687500e+01
6.283836364746093750e+01
6.435770416259765625e+01
6.185806655883789062e+01
6.293204879760742188e+01
6.153944778442382812e+01
6.386253356933593750e+01
6.508408355712890625e+01
5.989592361450195312e+01
6.398597717285156250e+01
6.146158599853515625e+01
6.232881546020507812e+01
6.322608566284179688e+01
6.254343414306640625e+01
6.410133361816406250e+01
6.337145614624023438e+01
6.540930175781250000e+01
6.298736572265625000e+01
6.131759262084960938e+01
6.278244018554687500e+01
6.288132858276367188e+01
5.867433929443359375e+01
6.023571395874023438e+01
6.091131591796875000e+01
6.423587799072265625e+01
5.611234664916992188e+01
6.193453979492187500e+01
6.059129333496093750e+01
5.999094009399414062e+01
5.989179229736328125e+01
6.058676147460937500e+01
6.156260299682617188e+01
5.998791503906250000e+01
5.792519378662109375e+01
6.067694854736328125e+01
5.896361541748046875e+01
6.003699111938476562e+01
6.019844055175781250e+01
5.969418334960937500e+01
6.211218261718750000e+01
5.803032684326171875e+01
6.056032562255859375e+01
5.735249328613281250e+01
5.859833908081054688e+01
5.949465179443359375e+01
5.777302932739257812e+01
5.731717681884765625e+01
5.976375579833984375e+01
5.879077911376953125e+01
5.745151901245117188e+01
5.783555221557617188e+01
5.785424423217773438e+01
5.699525070190429688e+01
5.893544769287109375e+01
5.537269592285156250e+01
5.785059738159179688e+01
5.638304901123046875e+01
5.799790954589843750e+01
5.688490295410156250e+01
5.869862747192382812e+01
5.566357421875000000e+01
5.618280410766601562e+01
5.847204971313476562e+01
5.516324996948242188e+01
5.888122940063476562e+01
5.591527175903320312e+01
5.611154556274414062e+01
5.532316589355468750e+01
5.719924926757812500e+01
5.641173934936523438e+01
5.402923202514648438e+01
5.596389007568359375e+01
5.320599746704101562e+01
5.361499404907226562e+01
5.468812179565429688e+01
5.814418411254882812e+01
5.230950546264648438e+01
5.503490066528320312e+01
5.624383926391601562e+01
5.244950485229492188e+01
5.528797912597656250e+01
5.402080917358398438e+01
5.460234451293945312e+01
5.601116943359375000e+01
5.570748901367187500e+01
5.356737136840820312e+01
5.214324188232421875e+01
5.417875671386718750e+01
5.345965194702148438e+01
5.244566726684570312e+01
5.640081024169921875e+01
5.297047424316406250e+01
5.372270965576171875e+01
5.251100540161132812e+01
5.530394744873046875e+01
5.206736755371093750e+01
5.367070770263671875e+01
5.664895248413085938e+01
5.374507141113281250e+01
5.557750701904296875e+01
5.202113342285156250e+01
5.340874862670898438e+01
5.213401031494140625e+01
5.552693557739257812e+01
5.120593261718750000e+01
5.202132415771484375e+01
5.493251037597656250e+01
4.889492797851562500e+01
5.007184219360351562e+01
5.517977905273437500e+01
4.868886184692382812e+01
5.475228500366210938e+01
5.105971527099609375e+01
5.290181350708007812e+01
5.104601287841796875e+01
4.973604583740234375e+01
5.140426254272460938e+01
5.187088775634765625e+01
5.194341659545898438e+01
4.931642913818359375e+01
5.131035614013671875e+01
5.006077957153320312e+01
5.400935363769531250e+01
5.195310211181640625e+01
5.097046279907226562e+01
4.998768234252929688e+01
4.938975143432617188e+01
5.158191680908203125e+01
5.137627792358398438e+01
5.253111648559570312e+01
4.742010116577148438e+01
5.072352600097656250e+01
5.197370147705078125e+01
5.203796768188476562e+01
4.881786346435546875e+01
5.284038162231445312e+01
4.945934677124023438e+01
5.085818862915039062e+01
4.995981597900390625e+01
4.756413269042968750e+01
4.828467178344726562e+01
5.131608963012695312e+01
4.745146942138671875e+01
4.947820663452148438e+01
5.080318450927734375e+01
4.986831665039062500e+01
5.044432067871093750e+01
4.863346481323242188e+01
4.867615890502929688e+01
4.830203628540039062e+01
4.920074462890625000e+01
4.800534820556640625e+01
4.847335433959960938e+01
4.874335098266601562e+01
4.888794708251953125e+01
4.783762741088867188e+01
4.987529373168945312e+01
4.703378295898437500e+01
4.801771163940429688e+01
4.650874710083007812e+01
4.869940185546875000e+01
4.907495498657226562e+01
4.635270690917968750e+01
4.557851791381835938e+01
4.654851531982421875e+01
5.188002395629882812e+01
4.771826934814453125e+01
4.615505599975585938e+01
4.765839385986328125e+01
4.957690429687500000e+01
4.778453445434570312e+01
4.805955123901367188e+01
4.645216369628906250e+01
4.669756698608398438e+01
4.924942398071289062e+01
4.768014144897460938e+01
4.724386978149414062e+01
4.761089706420898438e+01
4.686857986450195312e+01
4.432481002807617188e+01
4.824314498901367188e+01
4.460122680664062500e+01
4.609015274047851562e+01
4.827845764160156250e+01
4.471120834350585938e+01
4.467940139770507812e+01
4.673834609985351562e+01
4.808198928833007812e+01
4.684711074829101562e+01
4.287234878540039062e+01
4.554449081420898438e+01
4.650469589233398438e+01
4.932962417602539062e+01
4.528098297119140625e+01
4.567829513549804688e+01
4.609658813476562500e+01
4.551528930664062500e+01
4.856201934814453125e+01
4.456503295898437500e+01
4.627264785766601562e+01
4.549546432495117188e+01
4.630040740966796875e+01
4.458497619628906250e+01
4.746210479736328125e+01
4.402707290649414062e+01
4.484877014160156250e+01
4.414180755615234375e+01
4.610258483886718750e+01
4.556520080566406250e+01
4.488014602661132812e+01
4.582406234741210938e+01
4.443338775634765625e+01
4.588640213012695312e+01
4.546544265747070312e+01
4.359406280517578125e+01
4.400992965698242188e+01
4.455823898315429688e+01
4.623188400268554688e+01
4.408225250244140625e+01
4.466759109497070312e+01
4.503499984741210938e+01
4.308744049072265625e+01
4.590059661865234375e+01
4.240344238281250000e+01
4.582973861694335938e+01
4.427826690673828125e+01
4.569803619384765625e+01
4.461491775512695312e+01
4.728100585937500000e+01
4.429117202758789062e+01
4.532573318481445312e+01
4.345571517944335938e+01
4.399332809448242188e+01
4.400403594970703125e+01
4.455444717407226562e+01
4.574605560302734375e+01
4.226409530639648438e+01
4.487253952026367188e+01
4.261436462402343750e+01
4.240219116210937500e+01
4.374512863159179688e+01
4.361325073242187500e+01
4.318057250976562500e+01
4.243851089477539062e+01
4.138521957397460938e+01
4.255828475952148438e+01
4.291668319702148438e+01
4.257161712646484375e+01
4.222478866577148438e+01
4.203391647338867188e+01
4.369676589965820312e+01
4.024419784545898438e+01
4.279674530029296875e+01
4.420401000976562500e+01
4.117117691040039062e+01
4.124496459960937500e+01
4.095420074462890625e+01
4.153144454956054688e+01
4.267411041259765625e+01
4.138454055786132812e+01
4.310277557373046875e+01
4.185979843139648438e+01
4.509907531738281250e+01
4.035814666748046875e+01
4.201462173461914062e+01
4.158603668212890625e+01
4.361491394042968750e+01
4.034876632690429688e+01
4.288612747192382812e+01
4.011699676513671875e+01
4.269097518920898438e+01
4.031723022460937500e+01
4.086273193359375000e+01
4.037364578247070312e+01
4.225971221923828125e+01
3.970428466796875000e+01
4.062188720703125000e+01
4.148086929321289062e+01
4.383499908447265625e+01
4.134913253784179688e+01
4.172374343872070312e+01
4.151387786865234375e+01
4.136255645751953125e+01
4.041049575805664062e+01
3.971486663818359375e+01
4.108220291137695312e+01
4.221236419677734375e+01
3.967082595825195312e+01
4.195835494995117188e+01
4.293384933471679688e+01
3.817303466796875000e+01
4.006327056884765625e+01
4.020107269287109375e+01
4.226237869262695312e+01
4.045313644409179688e+01
4.198175048828125000e+01
3.901573562622070312e+01
4.070051574707031250e+01
4.032609558105468750e+01
3.884522628784179688e+01
3.934920120239257812e+01
4.186426925659179688e+01
3.931041717529296875e+01
4.090235900878906250e+01
4.146717453002929688e+01
3.845906829833984375e+01
4.020343017578125000e+01
3.926183319091796875e+01
4.135807800292968750e+01
3.915296936035156250e+01
3.872476196289062500e+01
3.897782516479492188e+01
3.955037307739257812e+01
3.934995651245117188e+01
4.092164230346679688e+01
3.716569137573242188e+01
3.955134201049804688e+01
4.105728530883789062e+01
3.832392883300781250e+01
3.694404602050781250e+01
3.893825912475585938e+01
3.958652114868164062e+01
3.772443008422851562e+01
3.862472152709960938e+01
4.011305618286132812e+01
4.079437637329101562e+01
3.907034301757812500e+01
3.868701934814453125e+01
3.842194366455078125e+01
3.745819473266601562e+01
4.037476730346679688e+01
3.809725570678710938e+01
3.833536148071289062e+01
3.929210281372070312e+01
3.808745193481445312e+01
3.936734771728515625e+01
3.607354354858398438e+01
3.776887893676757812e+01
3.786337661743164062e+01
3.928890228271484375e+01
3.892092895507812500e+01
4.023640441894531250e+01
3.912231063842773438e+01
3.776776885986328125e+01
3.846018981933593750e+01
4.243470764160156250e+01
3.642725753784179688e+01
3.892132949829101562e+01
3.938282012939453125e+01
3.807983016967773438e+01
3.991536331176757812e+01
3.842638397216796875e+01
4.106456375122070312e+01
3.621449661254882812e+01
3.692333602905273438e+01
3.849176788330078125e+01
3.867518997192382812e+01
3.922301864624023438e+01
3.776474761962890625e+01
3.686605072021484375e+01
3.931741333007812500e+01
3.742098236083984375e+01
3.811436462402343750e+01
3.628550338745117188e+01
3.778156661987304688e+01
3.652546310424804688e+01
3.954108810424804688e+01
3.596913146972656250e+01
3.867213821411132812e+01
3.766442871093750000e+01
3.620835494995117188e+01
3.718719482421875000e+01
3.850528335571289062e+01
3.543594741821289062e+01
3.583792877197265625e+01
3.967176437377929688e+01
3.423796463012695312e+01
3.694975662231445312e+01
3.533569335937500000e+01
3.749157333374023438e+01
3.533143234252929688e+01
3.748964691162109375e+01
3.711625671386718750e+01
3.787714767456054688e+01
3.509200286865234375e+01
3.818065643310546875e+01
3.689976882934570312e+01
3.522676849365234375e+01
3.601145935058593750e+01
3.679076004028320312e+01
3.661825180053710938e+01
3.590163803100585938e+01
3.601072692871093750e+01
3.620966339111328125e+01
3.727698135375976562e+01
3.757882690429687500e+01
3.839745712280273438e+01
3.840036010742187500e+01
3.680830001831054688e+01
3.777263259887695312e+01
3.830707168579101562e+01
3.702584457397460938e+01
3.697941970825195312e+01
3.420669555664062500e+01
3.653045654296875000e+01
3.815233993530273438e+01
3.589347457885742188e+01
3.288072967529296875e+01
3.827876663208007812e+01
3.718209075927734375e+01
3.484150695800781250e+01
3.636706924438476562e+01
3.443583297729492188e+01
3.592694854736328125e+01
3.433324432373046875e+01
3.525682067871093750e+01
3.510289382934570312e+01
3.514717483520507812e+01
3.729531478881835938e+01
3.331288528442382812e+01
3.667382049560546875e+01
3.512136459350585938e+01
3.579301834106445312e+01
3.717401504516601562e+01
3.536891555786132812e+01
3.438309860229492188e+01
3.549891281127929688e+01
3.500910186767578125e+01
3.625254440307617188e+01
3.560067749023437500e+01
3.385911178588867188e+01
3.435694885253906250e+01
3.428384017944335938e+01
3.536227035522460938e+01
3.644744873046875000e+01
3.498287582397460938e+01
3.649359512329101562e+01
3.411283111572265625e+01
3.290758514404296875e+01
3.407759475708007812e+01
3.427273941040039062e+01
3.217352676391601562e+01
3.540591430664062500e+01
3.468769454956054688e+01
3.426699447631835938e+01
3.412032699584960938e+01
3.552790069580078125e+01
3.503250503540039062e+01
3.485201263427734375e+01
3.524314117431640625e+01
3.204790878295898438e+01
3.513019561767578125e+01
3.500436401367187500e+01
3.708897781372070312e+01
3.559842681884765625e+01
3.777439880371093750e+01
3.558783721923828125e+01
3.593579864501953125e+01
3.413275527954101562e+01
3.284536743164062500e+01
3.473605728149414062e+01
3.505834197998046875e+01
3.454524993896484375e+01
3.309356307983398438e+01
3.425270080566406250e+01
3.719968032836914062e+01
3.319647216796875000e+01
3.540622329711914062e+01
3.316355895996093750e+01
3.349028396606445312e+01
3.249030303955078125e+01
3.371879959106445312e+01
3.468154144287109375e+01
3.548348999023437500e+01
3.449282836914062500e+01
3.591690063476562500e+01
3.626439285278320312e+01
3.276456451416015625e+01
3.420503234863281250e+01
3.419772338867187500e+01
3.371817016601562500e+01
3.399640655517578125e+01
3.340341567993164062e+01
3.362560272216796875e+01
3.353865432739257812e+01
3.259400558471679688e+01
3.300586700439453125e+01
3.253973007202148438e+01
3.405568313598632812e+01
3.348667526245117188e+01
3.121418571472167969e+01
3.165471839904785156e+01
3.179949188232421875e+01
3.519800949096679688e+01
3.126183509826660156e+01
3.425578308105468750e+01
3.630118942260742188e+01
3.213881683349609375e+01
3.157071685791015625e+01
3.326197433471679688e+01
3.277854919433593750e+01
3.383923721313476562e+01
3.412261199951171875e+01
3.096665573120117188e+01
3.373154067993164062e+01
3.346817398071289062e+01
3.587228393554687500e+01
3.311471939086914062e+01
3.232328033447265625e+01
3.515638351440429688e+01
3.375024032592773438e+01
3.201359176635742188e+01
3.127046585083007812e+01
3.221678924560546875e+01
3.235425567626953125e+01
3.314063262939453125e+01
3.202706527709960938e+01
3.239556121826171875e+01
3.332200241088867188e+01
3.130480575561523438e+01
3.267032623291015625e+01
3.169412994384765625e+01
3.283395767211914062e+01
3.319667816162109375e+01
3.271932601928710938e+01
3.173821449279785156e+01
3.277719879150390625e+01
3.237373352050781250e+01
3.273045349121093750e+01
3.261137008666992188e+01
3.211904144287109375e+01
3.554882049560546875e+01
2.946401214599609375e+01
3.249400711059570312e+01
3.120775222778320312e+01
3.248885726928710938e+01
3.197323417663574219e+01
3.531180953979492188e+01
3.172454261779785156e+01
3.174389266967773438e+01
3.325553131103515625e+01
3.227136993408203125e+01
2.977044486999511719e+01
3.301043701171875000e+01
3.135354614257812500e+01
3.158197021484375000e+01
3.315755081176757812e+01
3.167382431030273438e+01
3.196492385864257812e+01
3.157034873962402344e+01
3.008011436462402344e+01
3.160500144958496094e+01
3.014434814453125000e+01
3.153536796569824219e+01
3.222304534912109375e+01
3.255665969848632812e+01
3.372644805908203125e+01
3.043475151062011719e+01
3.274774551391601562e+01
3.087351799011230469e+01
3.091019630432128906e+01
3.104117774963378906e+01
3.141924095153808594e+01
3.225521469116210938e+01
3.139693069458007812e+01
2.983981895446777344e+01
3.132070732116699219e+01
3.186175346374511719e+01
3.101975822448730469e+01
2.829172706604003906e+01
3.286919403076171875e+01
3.115006446838378906e+01
3.169938659667968750e+01
3.274187850952148438e+01
3.044014739990234375e+01
3.092594718933105469e+01
3.036199760437011719e+01
3.165272903442382812e+01
2.947628784179687500e+01
3.212434768676757812e+01
3.136282348632812500e+01
3.156437683105468750e+01
3.011895751953125000e+01
3.125354957580566406e+01
3.234977722167968750e+01
3.178493690490722656e+01
3.076893806457519531e+01
3.073621177673339844e+01
3.052297973632812500e+01
3.467845535278320312e+01
2.975876235961914062e+01
3.169428634643554688e+01
3.067678451538085938e+01
3.194840621948242188e+01
2.970858764648437500e+01
3.099668884277343750e+01
