8.848151206970214844e+00
7.192306995391845703e+00
6.928089618682861328e+00
6.775395870208740234e+00
6.649027347564697266e+00
6.595153808593750000e+00
6.524970531463623047e+00
6.460259914398193359e+00
6.414977073669433594e+00
6.364006996154785156e+00
6.359972476959228516e+00
6.290307044982910156e+00
6.299886226654052734e+00
6.276309490203857422e+00
6.245832920074462891e+00
6.226356506347656250e+00
6.195188045501708984e+00
6.179545402526855469e+00
6.153421401977539062e+00
6.166835308074951172e+00
6.105030536651611328e+00
6.132275104522705078e+00
6.082434177398681641e+00
6.086407661437988281e+00
6.064294338226318359e+00
6.064418792724609375e+00
6.044091224670410156e+00
6.021550178527832031e+00
6.005438804626464844e+00
6.012485027313232422e+00
5.994849205017089844e+00
5.969561100006103516e+00
5.980484962463378906e+00
5.956153869628906250e+00
5.953144550323486328e+00
5.945826053619384766e+00
5.928673267364501953e+00
5.910417079925537109e+00
5.930242538452148438e+00
5.903902053833007812e+00
5.904221534729003906e+00
5.881900310516357422e+00
5.882879734039306641e+00
5.880103111267089844e+00
5.871276378631591797e+00
5.856590270996093750e+00
5.849102973937988281e+00
5.832167148590087891e+00
5.834507465362548828e+00
5.832956790924072266e+00
5.826502323150634766e+00
5.819577693939208984e+00
5.815744876861572266e+00
5.799798488616943359e+00
5.801420211791992188e+00
5.797492027282714844e+00
5.783275127410888672e+00
5.791593074798583984e+00
5.767814159393310547e+00
5.762352466583251953e+00
5.764172554016113281e+00
5.736331462860107422e+00
5.752274513244628906e+00
5.754214763641357422e+00
5.743664741516113281e+00
5.734816074371337891e+00
5.735639572143554688e+00
5.736550807952880859e+00
5.716837406158447266e+00
5.729894161224365234e+00
5.720447063446044922e+00
5.690804481506347656e+00
5.702914237976074219e+00
5.702175617218017578e+00
5.696695804595947266e+00
5.689925193786621094e+00
5.691354274749755859e+00
5.689811229705810547e+00
5.678738117218017578e+00
5.672144412994384766e+00
5.682841777801513672e+00
5.667212009429931641e+00
5.666003227233886719e+00
5.662321567535400391e+00
5.651880741119384766e+00
5.654185771942138672e+00
5.650497436523437500e+00
5.647634983062744141e+00
5.635299205780029297e+00
5.646793842315673828e+00
5.632627010345458984e+00
5.634151458740234375e+00
5.630598545074462891e+00
5.626493930816650391e+00
5.624457836151123047e+00
5.620836734771728516e+00
5.619282722473144531e+00
5.608459472656250000e+00
5.615581035614013672e+00
5.599683761596679688e+00
5.601978302001953125e+00
5.602269649505615234e+00
5.601932525634765625e+00
5.582708358764648438e+00
5.589032649993896484e+00
5.593754291534423828e+00
5.589772701263427734e+00
5.590256690979003906e+00
5.584280014038085938e+00
5.578959465026855469e+00
5.571393013000488281e+00
5.569544315338134766e+00
5.570844173431396484e+00
5.556118488311767578e+00
5.564445495605468750e+00
5.551816940307617188e+00
5.553669929504394531e+00
5.546993732452392578e+00
5.550129890441894531e+00
5.550938129425048828e+00
5.537387847900390625e+00
5.535895347595214844e+00
5.527834415435791016e+00
5.532794952392578125e+00
5.531025886535644531e+00
5.531723022460937500e+00
5.533323764801025391e+00
5.526707172393798828e+00
5.520435810089111328e+00
5.521359443664550781e+00
5.516485691070556641e+00
5.509088039398193359e+00
5.517610073089599609e+00
5.511496067047119141e+00
5.507408142089843750e+00
5.510175228118896484e+00
5.503272533416748047e+00
5.501732349395751953e+00
5.502251625061035156e+00
5.495038509368896484e+00
5.490963935852050781e+00
5.492588520050048828e+00
5.492028713226318359e+00
5.483023166656494141e+00
5.475925922393798828e+00
5.481830596923828125e+00
5.478677272796630859e+00
5.479578971862792969e+00
5.471346855163574219e+00
5.475784301757812500e+00
5.474910736083984375e+00
5.468337535858154297e+00
5.465605735778808594e+00
5.462156295776367188e+00
5.470602989196777344e+00
5.455973625183105469e+00
5.453869819641113281e+00
5.461528301239013672e+00
5.459121704101562500e+00
5.458603382110595703e+00
5.451225757598876953e+00
5.446228027343750000e+00
5.453336238861083984e+00
5.448464393615722656e+00
5.445692062377929688e+00
5.437880516052246094e+00
5.445126533508300781e+00
5.440338611602783203e+00
5.436124801635742188e+00
5.434087276458740234e+00
5.424395084381103516e+00
5.425400257110595703e+00
5.429554462432861328e+00
5.432143211364746094e+00
5.430803775787353516e+00
5.428150653839111328e+00
5.424778938293457031e+00
5.418680191040039062e+00
5.423400878906250000e+00
5.422069549560546875e+00
5.416934490203857422e+00
5.419309616088867188e+00
5.413949012756347656e+00
5.410362720489501953e+00
5.415503501892089844e+00
5.405753612518310547e+00
5.403191089630126953e+00
5.404159545898437500e+00
5.399743080139160156e+00
5.403976917266845703e+00
5.401221275329589844e+00
5.403627872467041016e+00
5.395735263824462891e+00
5.385183811187744141e+00
5.400804519653320312e+00
5.387350082397460938e+00
5.391887187957763672e+00
5.390108108520507812e+00
5.390113830566406250e+00
5.389247894287109375e+00
5.383416652679443359e+00
5.383805274963378906e+00
5.380630970001220703e+00
5.386940956115722656e+00
5.369606018066406250e+00
5.377657890319824219e+00
5.371424674987792969e+00
5.372335433959960938e+00
5.364747047424316406e+00
5.369406700134277344e+00
5.363239288330078125e+00
5.367229461669921875e+00
5.369750976562500000e+00
5.357136249542236328e+00
5.362686634063720703e+00
5.357415676116943359e+00
5.352991580963134766e+00
5.353982925415039062e+00
5.350183963775634766e+00
5.356547832489013672e+00
5.354609966278076172e+00
5.348480701446533203e+00
5.350044727325439453e+00
5.342752456665039062e+00
5.346508979797363281e+00
5.347751140594482422e+00
5.345491886138916016e+00
5.345102310180664062e+00
5.340571403503417969e+00
5.338756084442138672e+00
5.335926055908203125e+00
5.337713718414306641e+00
5.334286212921142578e+00
5.325485229492187500e+00
5.330952644348144531e+00
5.331492900848388672e+00
5.318163394927978516e+00
5.327299118041992188e+00
5.323927402496337891e+00
5.326489925384521484e+00
5.326097965240478516e+00
5.328362464904785156e+00
5.322118759155273438e+00
5.323271274566650391e+00
5.319272518157958984e+00
5.318608760833740234e+00
5.316631793975830078e+00
5.314593791961669922e+00
5.312400817871093750e+00
5.311504364013671875e+00
5.310417652130126953e+00
5.304047107696533203e+00
5.303627490997314453e+00
5.301443099975585938e+00
5.301610946655273438e+00
5.292395591735839844e+00
5.293119907379150391e+00
5.299345016479492188e+00
5.284974098205566406e+00
5.290574073791503906e+00
5.295098304748535156e+00
5.292715549468994141e+00
5.288839817047119141e+00
5.289711475372314453e+00
5.289882183074951172e+00
5.287767410278320312e+00
5.279391765594482422e+00
5.290798187255859375e+00
5.282795906066894531e+00
5.284205913543701172e+00
5.279470443725585938e+00
5.279462814331054688e+00
5.277568817138671875e+00
5.273550033569335938e+00
5.280185222625732422e+00
5.278832435607910156e+00
5.277318000793457031e+00
5.265257358551025391e+00
5.276177883148193359e+00
5.273832321166992188e+00
5.272352218627929688e+00
5.265103816986083984e+00
5.268071174621582031e+00
5.266432285308837891e+00
5.264937877655029297e+00
5.266873836517333984e+00
5.261869430541992188e+00
5.260379791259765625e+00
5.257790088653564453e+00
5.260926246643066406e+00
5.262397766113281250e+00
5.258192062377929688e+00
5.256080150604248047e+00
5.252684593200683594e+00
5.257528305053710938e+00
5.255244255065917969e+00
5.253333091735839844e+00
5.248934268951416016e+00
5.254841327667236328e+00
5.249267101287841797e+00
5.245275020599365234e+00
5.245158672332763672e+00
5.237876892089843750e+00
5.248355388641357422e+00
5.244994163513183594e+00
5.244880676269531250e+00
5.242789745330810547e+00
5.243326187133789062e+00
5.240951538085937500e+00
5.235594272613525391e+00
5.239483833312988281e+00
5.235441684722900391e+00
5.235836982727050781e+00
5.236968517303466797e+00
5.229143142700195312e+00
5.234576225280761719e+00
5.229825973510742188e+00
5.234994888305664062e+00
5.224746704101562500e+00
5.233726978302001953e+00
5.225965499877929688e+00
5.226941585540771484e+00
5.217658996582031250e+00
5.230631351470947266e+00
5.226583480834960938e+00
5.223715305328369141e+00
5.220851898193359375e+00
5.219787120819091797e+00
5.217806339263916016e+00
5.217922687530517578e+00
5.216691970825195312e+00
5.215086936950683594e+00
5.203005313873291016e+00
5.219246864318847656e+00
5.216334342956542969e+00
5.213696479797363281e+00
5.213007926940917969e+00
5.207565784454345703e+00
5.213057041168212891e+00
5.207470893859863281e+00
5.207797527313232422e+00
5.207147121429443359e+00
5.204532623291015625e+00
5.206319332122802734e+00
5.204751491546630859e+00
5.198290824890136719e+00
5.204556941986083984e+00
5.199456214904785156e+00
5.194174289703369141e+00
5.198462963104248047e+00
5.199840545654296875e+00
5.198362827301025391e+00
5.198331356048583984e+00
5.197967052459716797e+00
5.189618587493896484e+00
5.198331832885742188e+00
5.190469741821289062e+00
5.195350170135498047e+00
5.193465232849121094e+00
5.190448760986328125e+00
5.192324161529541016e+00
5.189726829528808594e+00
5.186586856842041016e+00
5.186283111572265625e+00
5.191273212432861328e+00
5.183548450469970703e+00
5.185989856719970703e+00
5.184120655059814453e+00
5.179736137390136719e+00
5.180084705352783203e+00
5.177886962890625000e+00
5.181064605712890625e+00
5.180781364440917969e+00
5.181767940521240234e+00
5.179685592651367188e+00
5.174474716186523438e+00
5.173299789428710938e+00
5.169922351837158203e+00
5.179325103759765625e+00
5.173932075500488281e+00
5.173701763153076172e+00
5.172640800476074219e+00
5.173714160919189453e+00
5.171023368835449219e+00
5.166935443878173828e+00
5.167701244354248047e+00
5.166344165802001953e+00
5.165248394012451172e+00
5.167479515075683594e+00
5.162608146667480469e+00
5.168190956115722656e+00
5.162445545196533203e+00
5.158810615539550781e+00
5.160415649414062500e+00
5.160853862762451172e+00
5.161203861236572266e+00
5.155741214752197266e+00
5.158689498901367188e+00
5.156498432159423828e+00
5.156085968017578125e+00
5.156098842620849609e+00
5.155770301818847656e+00
5.155966758728027344e+00
5.153857707977294922e+00
5.155204772949218750e+00
5.151705741882324219e+00
5.148828983306884766e+00
5.150989532470703125e+00
5.149148941040039062e+00
5.149543762207031250e+00
5.151382923126220703e+00
5.147998809814453125e+00
5.149851799011230469e+00
5.147138118743896484e+00
5.140597343444824219e+00
5.141931533813476562e+00
5.146770477294921875e+00
5.140553951263427734e+00
5.140761375427246094e+00
5.143143653869628906e+00
5.145508766174316406e+00
5.143941402435302734e+00
5.141189575195312500e+00
5.132128238677978516e+00
5.134949684143066406e+00
5.138376235961914062e+00
5.134107112884521484e+00
5.134857654571533203e+00
5.133156776428222656e+00
5.139011383056640625e+00
5.134743213653564453e+00
5.132813453674316406e+00
5.132541656494140625e+00
5.129954814910888672e+00
5.132177352905273438e+00
5.130646228790283203e+00
5.126792430877685547e+00
5.128626346588134766e+00
5.126047134399414062e+00
5.125209331512451172e+00
5.126321792602539062e+00
5.120963096618652344e+00
5.122653961181640625e+00
5.120107650756835938e+00
5.118761062622070312e+00
5.120154857635498047e+00
5.122547149658203125e+00
5.116502285003662109e+00
5.117217063903808594e+00
5.120385169982910156e+00
5.116788387298583984e+00
5.115218639373779297e+00
5.117208003997802734e+00
5.118131637573242188e+00
5.115772724151611328e+00
5.119041442871093750e+00
5.111275196075439453e+00
5.111741065979003906e+00
5.108188152313232422e+00
5.114106178283691406e+00
5.112885475158691406e+00
5.114710807800292969e+00
5.107816696166992188e+00
5.109687328338623047e+00
5.109580993652343750e+00
5.109899044036865234e+00
5.106123924255371094e+00
5.109846591949462891e+00
5.103710174560546875e+00
5.103358268737792969e+00
5.105875015258789062e+00
5.105982780456542969e+00
5.107833862304687500e+00
5.107727527618408203e+00
5.106165409088134766e+00
5.102503299713134766e+00
5.105968475341796875e+00
5.105654716491699219e+00
5.098432064056396484e+00
5.102409362792968750e+00
5.097792625427246094e+00
5.096714496612548828e+00
5.099706172943115234e+00
5.098330020904541016e+00
5.097744464874267578e+00
5.099083900451660156e+00
5.098858833312988281e+00
5.090610980987548828e+00
5.093589305877685547e+00
5.096950531005859375e+00
5.092491149902343750e+00
5.091376304626464844e+00
5.093366622924804688e+00
5.090294361114501953e+00
5.090346336364746094e+00
5.084101200103759766e+00
5.090436935424804688e+00
5.089135169982910156e+00
5.086048603057861328e+00
5.090940475463867188e+00
