2.601739501953125000e+03
7.678880004882812500e+02
2.941326293945312500e+02
1.550781402587890625e+02
1.082122039794921875e+02
8.009353637695312500e+01
6.237234115600585938e+01
5.036379241943359375e+01
4.246532821655273438e+01
3.679548263549804688e+01
3.235348510742187500e+01
2.691811943054199219e+01
2.480759048461914062e+01
2.214178276062011719e+01
2.054348754882812500e+01
1.784414672851562500e+01
1.783484077453613281e+01
1.501880550384521484e+01
1.519647979736328125e+01
1.431692314147949219e+01
1.291682434082031250e+01
1.253477954864501953e+01
1.279128646850585938e+01
1.152153491973876953e+01
9.940709114074707031e+00
1.028342628479003906e+01
1.017951393127441406e+01
9.940392494201660156e+00
8.940885543823242188e+00
9.666851043701171875e+00
8.070973396301269531e+00
8.717147827148437500e+00
8.012278556823730469e+00
8.613222122192382812e+00
8.021468162536621094e+00
7.366644382476806641e+00
8.614933013916015625e+00
7.136943817138671875e+00
7.433790206909179688e+00
8.089326858520507812e+00
6.677072048187255859e+00
7.306884765625000000e+00
7.607305526733398438e+00
6.590786933898925781e+00
6.427807331085205078e+00
7.227366447448730469e+00
6.616833209991455078e+00
6.152551651000976562e+00
6.430997371673583984e+00
5.798863410949707031e+00
6.177110671997070312e+00
5.989517688751220703e+00
6.064590454101562500e+00
6.140096664428710938e+00
5.847014904022216797e+00
5.860754489898681641e+00
6.174322128295898438e+00
5.450477123260498047e+00
6.095849037170410156e+00
5.807564258575439453e+00
5.665437698364257812e+00
5.243779659271240234e+00
5.527563571929931641e+00
5.280025482177734375e+00
5.453148841857910156e+00
4.884039402008056641e+00
5.527410507202148438e+00
4.857500553131103516e+00
5.271402835845947266e+00
4.977173805236816406e+00
5.020884990692138672e+00
5.053801536560058594e+00
4.861873626708984375e+00
5.086406707763671875e+00
4.958900451660156250e+00
4.599222183227539062e+00
4.773086071014404297e+00
4.454425811767578125e+00
4.823969841003417969e+00
4.728156089782714844e+00
4.570466995239257812e+00
4.478980541229248047e+00
4.710168838500976562e+00
4.472400665283203125e+00
4.490923404693603516e+00
4.541484355926513672e+00
4.149524688720703125e+00
4.383037567138671875e+00
4.353161811828613281e+00
4.328251838684082031e+00
4.444278240203857422e+00
3.909362077713012695e+00
4.446031570434570312e+00
3.907889366149902344e+00
3.601750850677490234e+00
4.209708213806152344e+00
3.621615648269653320e+00
4.422516345977783203e+00
3.979105234146118164e+00
3.508090257644653320e+00
4.036601066589355469e+00
3.663974046707153320e+00
3.712041854858398438e+00
3.787502050399780273e+00
3.828501224517822266e+00
3.832627534866333008e+00
3.673953533172607422e+00
4.005484580993652344e+00
3.565966367721557617e+00
3.441818714141845703e+00
3.687060356140136719e+00
3.537585735321044922e+00
3.371123552322387695e+00
3.418926477432250977e+00
3.566810131072998047e+00
3.598424434661865234e+00
3.653749465942382812e+00
3.461145401000976562e+00
3.273618221282958984e+00
3.434375286102294922e+00
3.321520090103149414e+00
3.310746192932128906e+00
3.279748678207397461e+00
3.202709913253784180e+00
3.292817354202270508e+00
3.085983037948608398e+00
3.437313795089721680e+00
3.142933607101440430e+00
3.216276645660400391e+00
3.496846199035644531e+00
3.117626428604125977e+00
2.866620302200317383e+00
3.242633104324340820e+00
3.168775796890258789e+00
2.856985569000244141e+00
2.979408025741577148e+00
2.934690713882446289e+00
3.148662805557250977e+00
2.933673620223999023e+00
2.946005344390869141e+00
3.065079689025878906e+00
3.209940195083618164e+00
2.922465801239013672e+00
2.933037757873535156e+00
2.750148773193359375e+00
2.825199365615844727e+00
3.101012945175170898e+00
2.645574808120727539e+00
2.913398504257202148e+00
2.834611415863037109e+00
2.825530767440795898e+00
2.897079944610595703e+00
2.618781089782714844e+00
2.681235074996948242e+00
2.878901004791259766e+00
2.824907064437866211e+00
2.931148290634155273e+00
2.576128721237182617e+00
2.815324783325195312e+00
2.654799699783325195e+00
2.756734371185302734e+00
2.543772220611572266e+00
2.727164030075073242e+00
2.563647747039794922e+00
2.582054853439331055e+00
2.614112377166748047e+00
2.578372478485107422e+00
2.426578998565673828e+00
2.774421691894531250e+00
2.553595066070556641e+00
2.452394247055053711e+00
2.478046178817749023e+00
2.467863082885742188e+00
2.411946773529052734e+00
2.397721290588378906e+00
2.643525600433349609e+00
2.709885835647583008e+00
2.576030015945434570e+00
2.320403575897216797e+00
2.457507133483886719e+00
2.239724636077880859e+00
2.590826511383056641e+00
2.187201738357543945e+00
2.567614555358886719e+00
2.391276597976684570e+00
2.487465620040893555e+00
2.413805246353149414e+00
2.356279611587524414e+00
2.266987323760986328e+00
2.421631813049316406e+00
2.180149078369140625e+00
2.440593957901000977e+00
2.387610673904418945e+00
2.335946321487426758e+00
2.291633129119873047e+00
2.315631866455078125e+00
2.398253440856933594e+00
2.206158399581909180e+00
2.212676048278808594e+00
2.147792577743530273e+00
2.369949817657470703e+00
2.098162174224853516e+00
2.290811777114868164e+00
2.189656734466552734e+00
2.326229333877563477e+00
2.171007156372070312e+00
2.427442789077758789e+00
2.063790559768676758e+00
2.200250148773193359e+00
2.356741189956665039e+00
2.327896833419799805e+00
2.185657501220703125e+00
2.316036462783813477e+00
1.969777226448059082e+00
2.281188726425170898e+00
2.079167366027832031e+00
2.049802303314208984e+00
2.141806364059448242e+00
2.181166887283325195e+00
2.025260686874389648e+00
2.160748243331909180e+00
2.119073867797851562e+00
2.211996078491210938e+00
1.969396233558654785e+00
2.117376327514648438e+00
2.328761577606201172e+00
1.868891596794128418e+00
2.255720138549804688e+00
1.979584693908691406e+00
2.110360622406005859e+00
2.199078083038330078e+00
2.111283302307128906e+00
1.938209295272827148e+00
2.013023614883422852e+00
2.192805767059326172e+00
1.985550761222839355e+00
2.064375400543212891e+00
2.030423641204833984e+00
1.965459585189819336e+00
2.102163553237915039e+00
2.022751331329345703e+00
1.988920927047729492e+00
1.994079113006591797e+00
2.035667419433593750e+00
1.992791771888732910e+00
1.934304714202880859e+00
2.055786132812500000e+00
1.931127309799194336e+00
2.154883623123168945e+00
1.666862845420837402e+00
1.985898256301879883e+00
1.930553317070007324e+00
1.828673839569091797e+00
1.877248167991638184e+00
2.072532892227172852e+00
1.976253151893615723e+00
1.946226477622985840e+00
1.872719764709472656e+00
2.054915428161621094e+00
1.777312517166137695e+00
1.853980302810668945e+00
1.950247645378112793e+00
1.851793050765991211e+00
1.891655445098876953e+00
1.999117136001586914e+00
1.687834739685058594e+00
2.006893634796142578e+00
1.810035586357116699e+00
1.747253775596618652e+00
2.032109022140502930e+00
1.896883964538574219e+00
1.918817877769470215e+00
1.793604135513305664e+00
1.816900014877319336e+00
1.758912205696105957e+00
1.814541697502136230e+00
1.914409399032592773e+00
1.819078922271728516e+00
1.777343392372131348e+00
1.853928685188293457e+00
1.807750701904296875e+00
1.709086775779724121e+00
1.807348608970642090e+00
1.934547305107116699e+00
1.743153929710388184e+00
1.819635272026062012e+00
1.713745951652526855e+00
1.671195268630981445e+00
1.632980585098266602e+00
1.766172170639038086e+00
1.642715215682983398e+00
1.844889163970947266e+00
1.904698610305786133e+00
1.624558448791503906e+00
1.690556049346923828e+00
1.665815949440002441e+00
1.601019263267517090e+00
1.682530403137207031e+00
1.737288355827331543e+00
1.763113617897033691e+00
1.741996645927429199e+00
1.746953368186950684e+00
1.674954891204833984e+00
1.622807741165161133e+00
1.663157463073730469e+00
1.744484066963195801e+00
1.555900812149047852e+00
1.698613524436950684e+00
1.649901747703552246e+00
1.590403914451599121e+00
1.616208195686340332e+00
1.827021360397338867e+00
1.447678804397583008e+00
1.607756257057189941e+00
1.754597663879394531e+00
1.605273604393005371e+00
1.635634779930114746e+00
1.525251865386962891e+00
1.675424218177795410e+00
1.610108852386474609e+00
1.670029044151306152e+00
1.535769820213317871e+00
1.616644859313964844e+00
1.551423549652099609e+00
1.765133976936340332e+00
1.551690936088562012e+00
1.628080248832702637e+00
1.553081870079040527e+00
1.615578532218933105e+00
1.519036173820495605e+00
1.558405399322509766e+00
1.410781502723693848e+00
1.560156464576721191e+00
1.546092391014099121e+00
1.526058912277221680e+00
1.558935523033142090e+00
1.372590065002441406e+00
1.738843917846679688e+00
1.438715696334838867e+00
1.677347898483276367e+00
1.559468030929565430e+00
1.560755491256713867e+00
1.657994151115417480e+00
1.433940052986145020e+00
1.648016810417175293e+00
1.475553989410400391e+00
1.482158184051513672e+00
1.603672027587890625e+00
1.439386129379272461e+00
1.619620919227600098e+00
1.343968987464904785e+00
1.505314588546752930e+00
1.608776211738586426e+00
1.349352240562438965e+00
1.501079559326171875e+00
1.517061591148376465e+00
1.586540818214416504e+00
1.537324666976928711e+00
1.489278554916381836e+00
1.559517741203308105e+00
1.380982398986816406e+00
1.519363999366760254e+00
1.374994516372680664e+00
1.596037268638610840e+00
1.450963139533996582e+00
1.398455619812011719e+00
1.566077232360839844e+00
1.468001008033752441e+00
1.493460774421691895e+00
1.384652853012084961e+00
1.606241464614868164e+00
1.444814085960388184e+00
1.361297845840454102e+00
1.424454092979431152e+00
1.504437327384948730e+00
1.349445343017578125e+00
1.583695650100708008e+00
1.296761155128479004e+00
1.445126771926879883e+00
1.472564101219177246e+00
1.330226182937622070e+00
1.402375221252441406e+00
1.432043671607971191e+00
1.383013129234313965e+00
1.330703258514404297e+00
1.558193325996398926e+00
1.494952917098999023e+00
1.318489909172058105e+00
1.312656283378601074e+00
1.383748888969421387e+00
1.336753129959106445e+00
1.364297270774841309e+00
1.393449783325195312e+00
1.330805540084838867e+00
1.515729188919067383e+00
1.479668498039245605e+00
1.392614841461181641e+00
1.267693400382995605e+00
1.442948222160339355e+00
1.362768292427062988e+00
1.476442456245422363e+00
1.312682509422302246e+00
1.414414286613464355e+00
1.306239128112792969e+00
1.366826891899108887e+00
1.297540187835693359e+00
1.349391579627990723e+00
1.332206606864929199e+00
1.268041610717773438e+00
1.349409937858581543e+00
1.369624376296997070e+00
1.228570580482482910e+00
1.410662531852722168e+00
1.366908907890319824e+00
1.394830584526062012e+00
1.237908005714416504e+00
1.341440796852111816e+00
1.348522543907165527e+00
1.203891873359680176e+00
1.289357542991638184e+00
1.457578182220458984e+00
1.275490522384643555e+00
1.295158743858337402e+00
1.366418123245239258e+00
1.297351360321044922e+00
1.429306030273437500e+00
1.229282975196838379e+00
1.240828633308410645e+00
1.237092852592468262e+00
1.430248498916625977e+00
1.205306172370910645e+00
1.337871313095092773e+00
1.184667944908142090e+00
1.326033234596252441e+00
1.218758225440979004e+00
1.268848299980163574e+00
1.284530162811279297e+00
1.419000148773193359e+00
1.246798515319824219e+00
1.253576993942260742e+00
1.247483611106872559e+00
1.194671750068664551e+00
1.183723211288452148e+00
1.276104450225830078e+00
1.205595493316650391e+00
1.225990653038024902e+00
1.277174711227416992e+00
1.312370419502258301e+00
1.259014368057250977e+00
1.194237947463989258e+00
1.366663932800292969e+00
1.201233983039855957e+00
1.313912391662597656e+00
1.248257398605346680e+00
1.252800583839416504e+00
1.180827260017395020e+00
1.308661818504333496e+00
1.266019344329833984e+00
1.142190814018249512e+00
1.310404181480407715e+00
1.223684549331665039e+00
1.268587589263916016e+00
1.275994181632995605e+00
1.245692610740661621e+00
1.101539254188537598e+00
1.314789891242980957e+00
1.235555171966552734e+00
1.214393973350524902e+00
1.178862452507019043e+00
1.173691630363464355e+00
1.295581340789794922e+00
1.155336022377014160e+00
1.131185531616210938e+00
1.198967576026916504e+00
1.291012287139892578e+00
1.192598342895507812e+00
1.156638383865356445e+00
1.194602608680725098e+00
1.282399058341979980e+00
1.132734060287475586e+00
1.208426356315612793e+00
1.136593461036682129e+00
1.161165475845336914e+00
1.196109414100646973e+00
1.169669628143310547e+00
1.192069172859191895e+00
1.243051409721374512e+00
9.819779396057128906e-01
1.254801511764526367e+00
1.096948504447937012e+00
1.169794559478759766e+00
1.138265609741210938e+00
1.133927464485168457e+00
1.210590243339538574e+00
1.188035368919372559e+00
1.197879076004028320e+00
1.141129255294799805e+00
1.161817789077758789e+00
1.110845088958740234e+00
1.104036569595336914e+00
1.250291943550109863e+00
1.188537955284118652e+00
1.214624881744384766e+00
1.135478258132934570e+00
1.141503572463989258e+00
1.117161273956298828e+00
1.136299610137939453e+00
1.158956050872802734e+00
1.243752837181091309e+00
1.129800438880920410e+00
1.184094667434692383e+00
1.099166631698608398e+00
1.277790069580078125e+00
1.183113336563110352e+00
1.044544935226440430e+00
1.155998826026916504e+00
1.101129412651062012e+00
1.142385125160217285e+00
1.148607730865478516e+00
1.119086146354675293e+00
1.131097912788391113e+00
1.106790661811828613e+00
1.071071863174438477e+00
1.228628516197204590e+00
1.107563376426696777e+00
1.111211419105529785e+00
1.241100907325744629e+00
1.056934714317321777e+00
1.036649227142333984e+00
1.186105251312255859e+00
1.090389251708984375e+00
1.104664683341979980e+00
1.176083564758300781e+00
1.110809922218322754e+00
1.113672971725463867e+00
1.132488727569580078e+00
1.063089847564697266e+00
1.140289545059204102e+00
1.105628371238708496e+00
1.135413050651550293e+00
1.092336535453796387e+00
1.049229264259338379e+00
1.155093908309936523e+00
1.070137262344360352e+00
1.129358649253845215e+00
1.097565054893493652e+00
1.096170186996459961e+00
1.091474056243896484e+00
1.073692202568054199e+00
1.230079054832458496e+00
1.087739467620849609e+00
1.033853292465209961e+00
1.059888958930969238e+00
1.078261256217956543e+00
1.060533642768859863e+00
1.071457147598266602e+00
1.082906603813171387e+00
1.097196817398071289e+00
1.007891416549682617e+00
1.154904007911682129e+00
9.876809120178222656e-01
1.163801193237304688e+00
9.683261513710021973e-01
1.028256177902221680e+00
1.047259688377380371e+00
1.042425394058227539e+00
1.034790396690368652e+00
1.076815843582153320e+00
1.074991703033447266e+00
1.015420317649841309e+00
9.724186062812805176e-01
1.058334946632385254e+00
1.119406342506408691e+00
1.049168348312377930e+00
1.114939332008361816e+00
1.075176596641540527e+00
9.304915666580200195e-01
1.079596042633056641e+00
1.015475273132324219e+00
9.747983813285827637e-01
1.035941839218139648e+00
1.078103780746459961e+00
1.097957730293273926e+00
9.625351428985595703e-01
1.027826428413391113e+00
1.068232655525207520e+00
9.654697775840759277e-01
9.824272394180297852e-01
1.057371139526367188e+00
1.018999457359313965e+00
1.064123153686523438e+00
9.691033959388732910e-01
1.074711203575134277e+00
1.018092870712280273e+00
9.895730614662170410e-01
1.068057179450988770e+00
9.720985889434814453e-01
1.021524190902709961e+00
9.249042272567749023e-01
1.138907909393310547e+00
9.600216150283813477e-01
1.030802488327026367e+00
1.088070869445800781e+00
1.049603223800659180e+00
9.562004804611206055e-01
1.067861795425415039e+00
9.181881546974182129e-01
9.747722148895263672e-01
1.028649330139160156e+00
9.541150331497192383e-01
1.096634387969970703e+00
9.359553456306457520e-01
9.674732685089111328e-01
9.575642943382263184e-01
1.074954509735107422e+00
1.011932253837585449e+00
9.592865705490112305e-01
1.011774301528930664e+00
1.095141768455505371e+00
1.017429351806640625e+00
9.344645142555236816e-01
1.019882678985595703e+00
1.027292370796203613e+00
1.058067202568054199e+00
9.629703164100646973e-01
9.545327425003051758e-01
1.054332017898559570e+00
9.379576444625854492e-01
9.892635941505432129e-01
9.510800242424011230e-01
9.248236417770385742e-01
9.682886004447937012e-01
9.966287016868591309e-01
9.875223040580749512e-01
9.172987341880798340e-01
8.680102825164794922e-01
9.913794994354248047e-01
1.023082375526428223e+00
9.409160614013671875e-01
9.928748607635498047e-01
1.001547455787658691e+00
9.498724937438964844e-01
8.867087960243225098e-01
9.859720468521118164e-01
9.888053536415100098e-01
9.263678193092346191e-01
9.397218227386474609e-01
9.690889716148376465e-01
9.633333086967468262e-01
9.513220787048339844e-01
9.236548542976379395e-01
9.611346721649169922e-01
9.144666790962219238e-01
1.022894024848937988e+00
9.186928868293762207e-01
9.988477230072021484e-01
8.815360665321350098e-01
1.004699230194091797e+00
9.077208638191223145e-01
9.862551093101501465e-01
9.114886522293090820e-01
9.673306941986083984e-01
9.114373326301574707e-01
9.594208002090454102e-01
1.003792047500610352e+00
8.946783542633056641e-01
9.377425909042358398e-01
9.984825849533081055e-01
9.325277805328369141e-01
8.948332667350769043e-01
8.992496728897094727e-01
1.009369730949401855e+00
9.093926548957824707e-01
9.623385667800903320e-01
8.036807179450988770e-01
9.404758810997009277e-01
9.514293074607849121e-01
8.628541827201843262e-01
9.576359391212463379e-01
9.320005178451538086e-01
9.403876066207885742e-01
8.976933956146240234e-01
8.888722658157348633e-01
9.379934072494506836e-01
9.700741767883300781e-01
8.478121757507324219e-01
9.097382426261901855e-01
9.062569737434387207e-01
9.366728663444519043e-01
8.653269410133361816e-01
8.845676183700561523e-01
9.509055018424987793e-01
9.419579505920410156e-01
8.491947650909423828e-01
9.657453298568725586e-01
8.922879099845886230e-01
9.310000538825988770e-01
8.817067742347717285e-01
9.305595159530639648e-01
8.463688492774963379e-01
9.141924381256103516e-01
8.848881125450134277e-01
9.346160888671875000e-01
8.913304805755615234e-01
8.854178190231323242e-01
8.693615794181823730e-01
9.278062582015991211e-01
9.147411584854125977e-01
9.305708408355712891e-01
8.775212168693542480e-01
9.477608203887939453e-01
8.218481540679931641e-01
9.042223691940307617e-01
9.377161860466003418e-01
8.065847754478454590e-01
8.827455639839172363e-01
9.248232841491699219e-01
7.998599410057067871e-01
9.245816469192504883e-01
8.261362910270690918e-01
9.129282832145690918e-01
8.516432642936706543e-01
8.162159919738769531e-01
8.976846933364868164e-01
8.751499056816101074e-01
9.847159385681152344e-01
8.981527090072631836e-01
8.545466661453247070e-01
9.638560414314270020e-01
8.290189504623413086e-01
8.623074293136596680e-01
8.905776143074035645e-01
8.913182616233825684e-01
8.858840465545654297e-01
8.804354667663574219e-01
8.567269444465637207e-01
8.507205247879028320e-01
9.296014904975891113e-01
9.001271724700927734e-01
8.275513648986816406e-01
9.293714761734008789e-01
8.672567605972290039e-01
8.983665704727172852e-01
8.931469321250915527e-01
9.181287288665771484e-01
8.749799132347106934e-01
7.968466877937316895e-01
8.859846591949462891e-01
8.139653801918029785e-01
9.798643589019775391e-01
7.911027669906616211e-01
9.438866376876831055e-01
8.623693585395812988e-01
7.888358235359191895e-01
9.239786267280578613e-01
8.355531096458435059e-01
8.382810354232788086e-01
8.663235306739807129e-01
8.195496797561645508e-01
8.732686042785644531e-01
8.678712844848632812e-01
8.277597427368164062e-01
7.706975936889648438e-01
9.900546669960021973e-01
8.627151846885681152e-01
7.494648098945617676e-01
8.638576865196228027e-01
8.783754706382751465e-01
8.879194259643554688e-01
8.306705355644226074e-01
8.589398860931396484e-01
8.657637834548950195e-01
8.619862198829650879e-01
8.610134720802307129e-01
8.957881927490234375e-01
8.119606375694274902e-01
8.420515060424804688e-01
8.756044507026672363e-01
9.082921147346496582e-01
8.024678230285644531e-01
7.736145257949829102e-01
8.250821828842163086e-01
8.252198100090026855e-01
8.991948962211608887e-01
7.852959036827087402e-01
8.284292221069335938e-01
8.225629329681396484e-01
8.694182634353637695e-01
7.336978316307067871e-01
8.646510243415832520e-01
8.628372550010681152e-01
8.720678687095642090e-01
8.060502409934997559e-01
7.683974504470825195e-01
7.840898036956787109e-01
8.514589667320251465e-01
7.936456799507141113e-01
8.209390044212341309e-01
8.112416267395019531e-01
8.439909219741821289e-01
7.530325055122375488e-01
8.335588574409484863e-01
8.397324085235595703e-01
8.089847564697265625e-01
8.349216580390930176e-01
8.198455572128295898e-01
7.756240367889404297e-01
8.025397062301635742e-01
8.083627820014953613e-01
9.027485251426696777e-01
7.890273332595825195e-01
7.836884260177612305e-01
8.137682676315307617e-01
7.776398062705993652e-01
7.620573639869689941e-01
8.301393389701843262e-01
8.196877837181091309e-01
7.919340729713439941e-01
7.594272494316101074e-01
8.509832620620727539e-01
7.773160338401794434e-01
7.812042832374572754e-01
8.262839317321777344e-01
7.676022052764892578e-01
7.953562736511230469e-01
7.714242935180664062e-01
7.816913127899169922e-01
8.231196999549865723e-01
7.876738905906677246e-01
7.666155099868774414e-01
7.653143405914306641e-01
8.252672553062438965e-01
7.741702795028686523e-01
8.055980205535888672e-01
7.984347343444824219e-01
8.554008603096008301e-01
7.614507675170898438e-01
7.889166474342346191e-01
7.825522422790527344e-01
7.785394191741943359e-01
8.376561403274536133e-01
7.546695470809936523e-01
8.645482063293457031e-01
7.331207990646362305e-01
8.088683485984802246e-01
7.809854149818420410e-01
7.970045804977416992e-01
8.111411929130554199e-01
8.180688023567199707e-01
7.886555790901184082e-01
7.762505412101745605e-01
7.424744367599487305e-01
8.272568583488464355e-01
8.194555044174194336e-01
7.707967758178710938e-01
7.314727902412414551e-01
7.771845459938049316e-01
7.827499508857727051e-01
8.507480025291442871e-01
7.892658710479736328e-01
7.322005629539489746e-01
7.872843742370605469e-01
7.828968763351440430e-01
7.883032560348510742e-01
7.806001305580139160e-01
8.430871963500976562e-01
7.332863211631774902e-01
8.009386658668518066e-01
7.783511281013488770e-01
7.859087586402893066e-01
7.926585674285888672e-01
7.720236182212829590e-01
7.202610373497009277e-01
8.273320198059082031e-01
7.644719481468200684e-01
7.537219524383544922e-01
7.701349854469299316e-01
7.544589042663574219e-01
8.257480859756469727e-01
7.296701669692993164e-01
7.292625904083251953e-01
7.661678194999694824e-01
7.489454150199890137e-01
7.919620275497436523e-01
7.469253540039062500e-01
7.506088018417358398e-01
7.052374482154846191e-01
8.109154105186462402e-01
7.188096046447753906e-01
7.137898802757263184e-01
8.493462800979614258e-01
8.404926657676696777e-01
7.125710248947143555e-01
7.051529288291931152e-01
8.096905946731567383e-01
7.465658187866210938e-01
7.707216739654541016e-01
8.115690946578979492e-01
7.140642404556274414e-01
7.495733499526977539e-01
7.790805101394653320e-01
7.889856696128845215e-01
7.176818847656250000e-01
7.117326259613037109e-01
7.297214865684509277e-01
8.139621615409851074e-01
7.200767993927001953e-01
7.273998856544494629e-01
7.611893415451049805e-01
7.861297130584716797e-01
7.086809873580932617e-01
7.376108765602111816e-01
7.681052088737487793e-01
7.696480751037597656e-01
7.189829349517822266e-01
6.923159360885620117e-01
8.100892901420593262e-01
7.333607673645019531e-01
7.015924453735351562e-01
7.790554761886596680e-01
7.551512718200683594e-01
7.287310361862182617e-01
6.908289790153503418e-01
8.238000273704528809e-01
6.839043498039245605e-01
6.541641354560852051e-01
7.473889589309692383e-01
8.018307089805603027e-01
7.197017073631286621e-01
7.083927392959594727e-01
7.030284404754638672e-01
8.080866336822509766e-01
7.518527507781982422e-01
7.437496781349182129e-01
7.582286000251770020e-01
6.446123719215393066e-01
7.995693683624267578e-01
6.974300146102905273e-01
7.675170898437500000e-01
7.165498137474060059e-01
7.557690143585205078e-01
7.182240486145019531e-01
8.282886743545532227e-01
6.881693601608276367e-01
7.257937788963317871e-01
7.784166336059570312e-01
6.872836947441101074e-01
7.230926752090454102e-01
7.494040131568908691e-01
7.225956916809082031e-01
6.839012503623962402e-01
7.128129601478576660e-01
7.849946618080139160e-01
7.126287221908569336e-01
7.043927907943725586e-01
7.819777131080627441e-01
6.787421703338623047e-01
7.902401089668273926e-01
6.861437559127807617e-01
7.194399833679199219e-01
7.694985270500183105e-01
6.595467925071716309e-01
7.647359371185302734e-01
6.377923488616943359e-01
7.694019675254821777e-01
7.428001165390014648e-01
7.013293504714965820e-01
6.650720238685607910e-01
6.631429195404052734e-01
7.668747305870056152e-01
7.069394588470458984e-01
7.684685587882995605e-01
6.844989061355590820e-01
7.435009479522705078e-01
7.503016591072082520e-01
7.635811567306518555e-01
6.433777213096618652e-01
6.989387869834899902e-01
7.005261778831481934e-01
7.322870492935180664e-01
7.062804102897644043e-01
6.696516871452331543e-01
7.765672802925109863e-01
6.888878941535949707e-01
6.744161844253540039e-01
7.800002098083496094e-01
7.222089171409606934e-01
7.124881148338317871e-01
7.159606218338012695e-01
6.706507205963134766e-01
7.465587854385375977e-01
6.364724040031433105e-01
7.709931731224060059e-01
7.121574878692626953e-01
7.262715101242065430e-01
6.980103254318237305e-01
6.778928041458129883e-01
7.297182083129882812e-01
7.450067996978759766e-01
6.590567827224731445e-01
