7.915437221527099609e-01
7.542426586151123047e-01
8.319662809371948242e-01
7.586256861686706543e-01
8.138614892959594727e-01
7.759675979614257812e-01
8.398858308792114258e-01
7.704517841339111328e-01
7.506398558616638184e-01
7.973790764808654785e-01
8.258728981018066406e-01
7.914675474166870117e-01
7.896142005920410156e-01
7.246225476264953613e-01
8.360931277275085449e-01
7.811759114265441895e-01
7.945501804351806641e-01
7.310327887535095215e-01
7.817070484161376953e-01
8.068209886550903320e-01
7.370001077651977539e-01
7.665019631385803223e-01
7.705572247505187988e-01
7.562601566314697266e-01
7.169128060340881348e-01
7.839756011962890625e-01
8.105303049087524414e-01
7.431709766387939453e-01
7.980000972747802734e-01
7.772313356399536133e-01
7.598170042037963867e-01
7.793186306953430176e-01
7.791190743446350098e-01
7.675322294235229492e-01
7.351962924003601074e-01
7.957986593246459961e-01
7.589281797409057617e-01
7.625508308410644531e-01
7.575930356979370117e-01
7.501195669174194336e-01
7.376734614372253418e-01
7.676210999488830566e-01
7.116372585296630859e-01
7.684460282325744629e-01
7.120229601860046387e-01
8.302864432334899902e-01
7.209081053733825684e-01
7.783790826797485352e-01
7.807688117027282715e-01
7.664235234260559082e-01
7.554339766502380371e-01
6.944526433944702148e-01
7.149841785430908203e-01
7.736424803733825684e-01
7.114555835723876953e-01
8.048869967460632324e-01
7.198612689971923828e-01
7.342720627784729004e-01
7.313374280929565430e-01
7.470935583114624023e-01
7.130792140960693359e-01
7.272626161575317383e-01
7.533657550811767578e-01
7.597256302833557129e-01
7.629085183143615723e-01
7.197907567024230957e-01
7.319175601005554199e-01
7.481384277343750000e-01
7.840468883514404297e-01
7.065161466598510742e-01
7.290663123130798340e-01
7.450677156448364258e-01
7.242327332496643066e-01
7.740778923034667969e-01
7.358540296554565430e-01
8.053644895553588867e-01
6.972020268440246582e-01
7.382670640945434570e-01
7.232055068016052246e-01
7.182928323745727539e-01
7.076297998428344727e-01
7.519306540489196777e-01
7.162652611732482910e-01
7.332659959793090820e-01
7.125400304794311523e-01
7.024242281913757324e-01
7.663931846618652344e-01
7.169618010520935059e-01
7.321176528930664062e-01
7.015115022659301758e-01
7.470316886901855469e-01
6.891645193099975586e-01
6.900194287300109863e-01
7.349368333816528320e-01
7.447900176048278809e-01
6.740610003471374512e-01
7.311435937881469727e-01
7.528914213180541992e-01
7.416423559188842773e-01
7.038932442665100098e-01
7.175518870353698730e-01
7.185897231101989746e-01
7.073391675949096680e-01
7.284817695617675781e-01
6.893793940544128418e-01
7.037788629531860352e-01
7.154666781425476074e-01
7.107891440391540527e-01
7.040325403213500977e-01
7.273878455162048340e-01
7.324376702308654785e-01
7.580788135528564453e-01
7.263808846473693848e-01
6.452232599258422852e-01
7.304782867431640625e-01
6.841869354248046875e-01
7.255450487136840820e-01
6.886226534843444824e-01
7.049754261970520020e-01
6.802354454994201660e-01
7.197921276092529297e-01
7.031388282775878906e-01
7.418623566627502441e-01
6.557775735855102539e-01
6.776141524314880371e-01
6.547298431396484375e-01
7.176774740219116211e-01
6.768762469291687012e-01
6.998017430305480957e-01
6.372774243354797363e-01
6.973555684089660645e-01
6.968415379524230957e-01
7.138425111770629883e-01
6.920701265335083008e-01
6.440749764442443848e-01
7.150132060050964355e-01
6.999795436859130859e-01
7.128337025642395020e-01
6.492801904678344727e-01
7.068547010421752930e-01
6.638719439506530762e-01
6.746038794517517090e-01
6.264932155609130859e-01
6.750816702842712402e-01
6.879119873046875000e-01
7.130994200706481934e-01
6.522160768508911133e-01
7.304905652999877930e-01
6.604480147361755371e-01
7.391806840896606445e-01
6.578653454780578613e-01
7.017431855201721191e-01
6.545321941375732422e-01
6.963089108467102051e-01
6.551879644393920898e-01
6.668173670768737793e-01
6.737404465675354004e-01
6.664434671401977539e-01
6.822986602783203125e-01
7.091655731201171875e-01
6.620733141899108887e-01
6.691160798072814941e-01
6.820347309112548828e-01
6.692693829536437988e-01
6.793535947799682617e-01
6.256706118583679199e-01
6.430530548095703125e-01
6.656131148338317871e-01
6.485547423362731934e-01
6.853338479995727539e-01
6.838343739509582520e-01
6.121575236320495605e-01
6.864533424377441406e-01
6.477057933807373047e-01
6.811698079109191895e-01
6.542664766311645508e-01
6.797764301300048828e-01
6.126057505607604980e-01
6.559624671936035156e-01
7.277060747146606445e-01
6.197133064270019531e-01
6.378642916679382324e-01
6.175577640533447266e-01
6.599781513214111328e-01
6.366676688194274902e-01
6.324058175086975098e-01
6.674422025680541992e-01
6.292201280593872070e-01
6.472743153572082520e-01
6.203551292419433594e-01
6.335141062736511230e-01
6.869994401931762695e-01
5.976009368896484375e-01
6.816850304603576660e-01
6.015598177909851074e-01
6.607061624526977539e-01
6.642166376113891602e-01
6.075765490531921387e-01
6.267245411872863770e-01
6.491849422454833984e-01
6.401196718215942383e-01
6.299691200256347656e-01
6.593896150588989258e-01
6.374694705009460449e-01
6.258496046066284180e-01
5.943654775619506836e-01
6.488281488418579102e-01
6.389235258102416992e-01
6.649187803268432617e-01
5.792605876922607422e-01
6.431025266647338867e-01
6.249960064888000488e-01
6.448288559913635254e-01
6.334866285324096680e-01
6.236338615417480469e-01
6.281371712684631348e-01
6.607925891876220703e-01
6.079226732254028320e-01
6.256956458091735840e-01
6.633462905883789062e-01
6.225621104240417480e-01
6.631617546081542969e-01
6.267969608306884766e-01
6.265580058097839355e-01
6.471732854843139648e-01
5.801837444305419922e-01
6.695120334625244141e-01
6.099380850791931152e-01
6.039932370185852051e-01
6.257382035255432129e-01
5.974228382110595703e-01
6.023260951042175293e-01
6.406627893447875977e-01
6.241338253021240234e-01
6.152555942535400391e-01
6.244648098945617676e-01
5.877028703689575195e-01
6.089229583740234375e-01
5.812505483627319336e-01
6.065571904182434082e-01
5.991436839103698730e-01
6.414527297019958496e-01
5.837554335594177246e-01
6.329454779624938965e-01
6.065914630889892578e-01
5.815891027450561523e-01
6.070414185523986816e-01
6.299794912338256836e-01
6.224426627159118652e-01
5.930033922195434570e-01
6.323673725128173828e-01
6.296692490577697754e-01
5.732454061508178711e-01
6.172805428504943848e-01
6.104536652565002441e-01
6.318271756172180176e-01
6.101314425468444824e-01
6.200180649757385254e-01
6.320930123329162598e-01
5.859676003456115723e-01
6.032491326332092285e-01
5.961020588874816895e-01
6.389032602310180664e-01
5.944985747337341309e-01
6.052958369255065918e-01
6.242697834968566895e-01
6.084437966346740723e-01
6.490271091461181641e-01
5.928293466567993164e-01
6.033065915107727051e-01
5.827489495277404785e-01
6.059799790382385254e-01
6.312403678894042969e-01
5.853322744369506836e-01
5.939244627952575684e-01
5.832384824752807617e-01
6.076031923294067383e-01
5.751953721046447754e-01
6.052231788635253906e-01
6.079825758934020996e-01
5.754703283309936523e-01
5.880568623542785645e-01
6.374228596687316895e-01
5.783709883689880371e-01
5.735414028167724609e-01
5.901535749435424805e-01
6.279820799827575684e-01
5.456354022026062012e-01
6.185093522071838379e-01
6.113156676292419434e-01
5.806945562362670898e-01
5.962454676628112793e-01
5.943214297294616699e-01
5.859261155128479004e-01
6.052227020263671875e-01
5.666307806968688965e-01
5.807291269302368164e-01
6.387799978256225586e-01
5.778030753135681152e-01
6.029713153839111328e-01
5.724641680717468262e-01
5.896479487419128418e-01
5.715715289115905762e-01
5.840700268745422363e-01
5.818158984184265137e-01
5.830419659614562988e-01
5.881043076515197754e-01
5.778318643569946289e-01
5.715598464012145996e-01
6.165635585784912109e-01
5.690916180610656738e-01
6.390250921249389648e-01
5.339245796203613281e-01
5.806088447570800781e-01
6.085029244422912598e-01
5.523605942726135254e-01
5.951900482177734375e-01
5.955840945243835449e-01
6.158384680747985840e-01
5.774464011192321777e-01
5.682076215744018555e-01
5.694089531898498535e-01
5.897786617279052734e-01
5.575191378593444824e-01
5.741702914237976074e-01
5.884633064270019531e-01
5.863409638404846191e-01
5.479757785797119141e-01
5.683052539825439453e-01
5.598951578140258789e-01
5.869449973106384277e-01
5.441746711730957031e-01
5.545994639396667480e-01
5.786074995994567871e-01
5.617480278015136719e-01
5.922565460205078125e-01
5.728158354759216309e-01
5.804350376129150391e-01
5.339897274971008301e-01
5.690149068832397461e-01
5.671452879905700684e-01
5.410126447677612305e-01
5.893628001213073730e-01
5.587901473045349121e-01
5.592517852783203125e-01
5.745831131935119629e-01
5.764349699020385742e-01
5.678093433380126953e-01
5.965517759323120117e-01
5.753562450408935547e-01
5.746267437934875488e-01
5.640488266944885254e-01
5.339572429656982422e-01
5.890127420425415039e-01
5.224652290344238281e-01
6.017751097679138184e-01
5.349842309951782227e-01
5.316392779350280762e-01
5.622882246971130371e-01
6.018329262733459473e-01
5.438705682754516602e-01
5.729432106018066406e-01
5.637767314910888672e-01
5.387201309204101562e-01
5.668731331825256348e-01
5.552418828010559082e-01
5.522041916847229004e-01
5.780532360076904297e-01
5.594686269760131836e-01
5.736547708511352539e-01
5.574083924293518066e-01
5.951762199401855469e-01
5.347782373428344727e-01
5.666732192039489746e-01
5.259258151054382324e-01
5.573980808258056641e-01
5.237247943878173828e-01
5.517240166664123535e-01
5.869312882423400879e-01
5.373656153678894043e-01
5.498497486114501953e-01
5.534155964851379395e-01
5.437608361244201660e-01
5.634034872055053711e-01
5.891585946083068848e-01
5.447050929069519043e-01
5.736787319183349609e-01
5.455420017242431641e-01
5.499465465545654297e-01
5.391052961349487305e-01
5.552071928977966309e-01
5.297582745552062988e-01
5.483654737472534180e-01
5.516255497932434082e-01
5.469586253166198730e-01
5.693061947822570801e-01
5.435051918029785156e-01
5.468956828117370605e-01
5.252761840820312500e-01
5.158489942550659180e-01
5.544559955596923828e-01
5.196062326431274414e-01
5.408814549446105957e-01
5.289599895477294922e-01
5.503901243209838867e-01
5.338369607925415039e-01
5.601252913475036621e-01
5.444278120994567871e-01
5.212863087654113770e-01
5.617345571517944336e-01
5.449479222297668457e-01
5.440325736999511719e-01
5.239150524139404297e-01
5.235006213188171387e-01
5.538857579231262207e-01
5.434659719467163086e-01
5.625910162925720215e-01
5.302196741104125977e-01
5.576410889625549316e-01
5.145999789237976074e-01
5.513041019439697266e-01
5.243585705757141113e-01
5.023301839828491211e-01
5.272761583328247070e-01
5.231668353080749512e-01
5.401284694671630859e-01
5.298875570297241211e-01
5.313045382499694824e-01
5.293792486190795898e-01
5.473576784133911133e-01
5.284452438354492188e-01
5.250581502914428711e-01
5.432378649711608887e-01
5.039209723472595215e-01
5.395300388336181641e-01
5.139129757881164551e-01
5.007674098014831543e-01
5.156664252281188965e-01
5.281606912612915039e-01
5.204006433486938477e-01
5.088253617286682129e-01
4.872666597366333008e-01
5.330525636672973633e-01
5.070614814758300781e-01
5.389181375503540039e-01
5.069181323051452637e-01
4.929247200489044189e-01
5.144180059432983398e-01
5.465505123138427734e-01
4.964545071125030518e-01
5.225451588630676270e-01
5.245847702026367188e-01
5.213338732719421387e-01
4.613803625106811523e-01
5.273945927619934082e-01
5.309986472129821777e-01
5.012480616569519043e-01
4.894696474075317383e-01
5.139787197113037109e-01
4.938710629940032959e-01
5.459939241409301758e-01
5.259805321693420410e-01
4.938586652278900146e-01
5.171644687652587891e-01
5.612488389015197754e-01
5.085672140121459961e-01
5.112304091453552246e-01
4.962721765041351318e-01
5.310917496681213379e-01
5.070918798446655273e-01
5.055384039878845215e-01
5.244457125663757324e-01
5.179899334907531738e-01
4.887209534645080566e-01
5.379049777984619141e-01
4.885908365249633789e-01
5.061785578727722168e-01
5.659398436546325684e-01
4.703847467899322510e-01
5.146555900573730469e-01
5.430968999862670898e-01
4.835289418697357178e-01
5.315933227539062500e-01
4.879849255084991455e-01
5.134129524230957031e-01
5.197768807411193848e-01
5.081949830055236816e-01
5.155614614486694336e-01
5.049906969070434570e-01
5.032777786254882812e-01
5.049973726272583008e-01
4.955598115921020508e-01
4.909254908561706543e-01
5.061082839965820312e-01
5.078096389770507812e-01
4.779432415962219238e-01
5.166710019111633301e-01
5.096096396446228027e-01
5.000926256179809570e-01
4.823073148727416992e-01
