6.328457593917846680e-02
4.002716392278671265e-02
3.715850785374641418e-02
3.456901013851165771e-02
3.329690173268318176e-02
3.211912512779235840e-02
3.133926913142204285e-02
3.084219247102737427e-02
3.028430603444576263e-02
2.984063327312469482e-02
2.914707362651824951e-02
2.903898432850837708e-02
2.859145961701869965e-02
2.838551625609397888e-02
2.808794938027858734e-02
2.806947752833366394e-02
2.789586037397384644e-02
2.740553207695484161e-02
2.756989747285842896e-02
2.719725854694843292e-02
2.683679945766925812e-02
2.679803967475891113e-02
2.677093446254730225e-02
2.657480165362358093e-02
2.653939649462699890e-02
2.617269754409790039e-02
2.632169984281063080e-02
2.627438493072986603e-02
2.611538767814636230e-02
2.590480074286460876e-02
2.599759399890899658e-02
2.595014870166778564e-02
2.570967003703117371e-02
2.541742846369743347e-02
2.553321048617362976e-02
2.545598335564136505e-02
2.535899356007575989e-02
2.537789009511470795e-02
2.546224184334278107e-02
2.511021867394447327e-02
2.513574995100498199e-02
2.503522112965583801e-02
2.508855424821376801e-02
2.507215365767478943e-02
2.482005208730697632e-02
2.483038231730461121e-02
2.469393238425254822e-02
2.476469241082668304e-02
2.474326640367507935e-02
2.468021214008331299e-02
2.460880950093269348e-02
2.426148764789104462e-02
2.434184029698371887e-02
2.449197694659233093e-02
2.424092777073383331e-02
2.429538965225219727e-02
2.431803569197654724e-02
2.416019886732101440e-02
2.422625571489334106e-02
2.412381395697593689e-02
2.413834631443023682e-02
2.404230087995529175e-02
2.399928122758865356e-02
2.410608530044555664e-02
2.397290617227554321e-02
2.388994209468364716e-02
2.401117049157619476e-02
2.374180033802986145e-02
2.390627562999725342e-02
2.379491925239562988e-02
2.377146482467651367e-02
2.369702234864234924e-02
2.376295998692512512e-02
2.361031994223594666e-02
2.354938536882400513e-02
2.369694784283638000e-02
2.356694079935550690e-02
2.350917458534240723e-02
2.361108921468257904e-02
2.348772622644901276e-02
2.335922047495841980e-02
2.327833138406276703e-02
2.336309105157852173e-02
2.334006689488887787e-02
2.325246483087539673e-02
2.318659797310829163e-02
2.328219637274742126e-02
2.335815690457820892e-02
2.326256223022937775e-02
2.311225980520248413e-02
2.314012683928012848e-02
2.311035804450511932e-02
2.306923642754554749e-02
2.308091707527637482e-02
2.308370731770992279e-02
2.300911024212837219e-02
2.304057776927947998e-02
2.298187464475631714e-02
2.304037660360336304e-02
2.285121381282806396e-02
2.289138175547122955e-02
2.280744723975658417e-02
2.296137064695358276e-02
2.283305488526821136e-02
2.275172621011734009e-02
2.273511141538619995e-02
2.281579934060573578e-02
2.287757210433483124e-02
2.266155742108821869e-02
2.289598248898983002e-02
2.255078777670860291e-02
2.271856740117073059e-02
2.269718796014785767e-02
2.271989360451698303e-02
2.258417569100856781e-02
2.263649366796016693e-02
2.266930229961872101e-02
2.251943387091159821e-02
2.261656895279884338e-02
2.255101501941680908e-02
2.252347953617572784e-02
2.244414389133453369e-02
2.251126803457736969e-02
2.244999259710311890e-02
2.245124429464340210e-02
2.227828651666641235e-02
2.233480475842952728e-02
2.244322188198566437e-02
2.246975339949131012e-02
2.240286022424697876e-02
2.227887324988842010e-02
2.237894386053085327e-02
2.225792780518531799e-02
2.215596288442611694e-02
2.233534865081310272e-02
2.228221483528614044e-02
2.225370891392230988e-02
2.224532142281532288e-02
2.228321135044097900e-02
2.216334827244281769e-02
2.212543413043022156e-02
2.218882553279399872e-02
2.214700728654861450e-02
2.206688188016414642e-02
2.214201912283897400e-02
2.215570397675037384e-02
2.208144031465053558e-02
2.218336611986160278e-02
2.206458151340484619e-02
2.203628793358802795e-02
2.209980227053165436e-02
2.193769253790378571e-02
2.205558121204376221e-02
2.205549739301204681e-02
2.200797013938426971e-02
2.203124761581420898e-02
2.204967662692070007e-02
2.194468118250370026e-02
2.199996635317802429e-02
2.193072624504566193e-02
2.195295691490173340e-02
2.189513854682445526e-02
2.193850465118885040e-02
2.191488258540630341e-02
2.191337198019027710e-02
2.186113968491554260e-02
2.187179960310459137e-02
2.187584899365901947e-02
2.176868543028831482e-02
2.182388678193092346e-02
2.184136211872100830e-02
2.181383222341537476e-02
2.184494957327842712e-02
2.173919044435024261e-02
2.169033512473106384e-02
2.177567780017852783e-02
2.154762111604213715e-02
2.173963002860546112e-02
2.178657986223697662e-02
2.165187895298004150e-02
2.170586399734020233e-02
2.171075902879238129e-02
2.164890244603157043e-02
2.164207212626934052e-02
2.160750329494476318e-02
2.152863331139087677e-02
2.159895934164524078e-02
2.163753286004066467e-02
2.147351019084453583e-02
2.163250558078289032e-02
2.154305577278137207e-02
2.150652743875980377e-02
2.149181067943572998e-02
2.155107259750366211e-02
2.151608094573020935e-02
2.147070132195949554e-02
2.138164080679416656e-02
2.148448489606380463e-02
2.144733816385269165e-02
2.149020880460739136e-02
2.148851379752159119e-02
2.151142433285713196e-02
2.152440883219242096e-02
2.137759327888488770e-02
2.132310159504413605e-02
2.136174403131008148e-02
2.135331742465496063e-02
2.143176086246967316e-02
2.134610898792743683e-02
2.138533815741539001e-02
2.134283445775508881e-02
2.125583030283451080e-02
2.137251012027263641e-02
2.136093378067016602e-02
2.132734842598438263e-02
2.115703932940959930e-02
2.128925547003746033e-02
2.119622938334941864e-02
2.119746059179306030e-02
2.126343175768852234e-02
2.125615812838077545e-02
2.124230563640594482e-02
2.119227498769760132e-02
2.130611799657344818e-02
2.128222770988941193e-02
2.128579467535018921e-02
2.126171439886093140e-02
2.123572118580341339e-02
2.124131284654140472e-02
2.120986953377723694e-02
2.105398476123809814e-02
2.104038745164871216e-02
2.123507298529148102e-02
2.119287662208080292e-02
2.113972045481204987e-02
2.111176028847694397e-02
2.105068229138851166e-02
2.114707976579666138e-02
2.113354392349720001e-02
2.106960117816925049e-02
2.110385708510875702e-02
2.116150222718715668e-02
2.107013761997222900e-02
2.111061476171016693e-02
2.102575823664665222e-02
2.108900994062423706e-02
2.103031985461711884e-02
2.099066227674484253e-02
2.108928374946117401e-02
2.105131931602954865e-02
2.110057137906551361e-02
2.106285654008388519e-02
2.106214500963687897e-02
2.093909122049808502e-02
2.108262106776237488e-02
2.098908089101314545e-02
2.099326066672801971e-02
2.101251855492591858e-02
2.096194028854370117e-02
2.098982408642768860e-02
2.095843292772769928e-02
2.097452431917190552e-02
2.096589654684066772e-02
2.094028145074844360e-02
2.083492837846279144e-02
2.095543220639228821e-02
2.089717797935009003e-02
2.094016037881374359e-02
2.090030349791049957e-02
2.099266648292541504e-02
2.090206183493137360e-02
2.091238833963871002e-02
2.088833227753639221e-02
2.096600830554962158e-02
2.092697471380233765e-02
2.089509926736354828e-02
2.082944102585315704e-02
2.081069350242614746e-02
2.085045538842678070e-02
2.083908580243587494e-02
2.080447040498256683e-02
2.074257843196392059e-02
2.086884155869483948e-02
2.075913920998573303e-02
2.081746421754360199e-02
2.076880820095539093e-02
2.076229266822338104e-02
2.066693641245365143e-02
2.088200300931930542e-02
2.078628167510032654e-02
2.081997320055961609e-02
2.073255926370620728e-02
2.077873796224594116e-02
2.076916210353374481e-02
2.078396640717983246e-02
2.070439606904983521e-02
2.077121660113334656e-02
2.073234319686889648e-02
2.080656215548515320e-02
2.081070840358734131e-02
2.070895209908485413e-02
2.076658979058265686e-02
2.072136849164962769e-02
2.075248770415782928e-02
2.066663280129432678e-02
2.063764259219169617e-02
2.069790288805961609e-02
2.068215981125831604e-02
2.072410285472869873e-02
2.066253311932086945e-02
2.058579586446285248e-02
2.064852230250835419e-02
2.062693238258361816e-02
2.063324488699436188e-02
2.063683234155178070e-02
2.053244039416313171e-02
2.057168260216712952e-02
2.062690816819667816e-02
2.055904641747474670e-02
2.058155834674835205e-02
2.066716738045215607e-02
2.059536799788475037e-02
2.058793790638446808e-02
2.050180733203887939e-02
2.055674232542514801e-02
2.052287757396697998e-02
2.042825147509574890e-02
2.047525160014629364e-02
2.053343690931797028e-02
2.059376426041126251e-02
2.051466144621372223e-02
2.046182565391063690e-02
2.057081647217273712e-02
2.047318778932094574e-02
2.054789662361145020e-02
2.048915252089500427e-02
2.047298289835453033e-02
2.050038985908031464e-02
2.047577500343322754e-02
2.040676958858966827e-02
2.051784656941890717e-02
2.044872008264064789e-02
2.041470631957054138e-02
2.046217396855354309e-02
2.036562189459800720e-02
2.038917876780033112e-02
2.044181711971759796e-02
2.048688754439353943e-02
2.032616920769214630e-02
2.039473503828048706e-02
2.043868228793144226e-02
2.041537314653396606e-02
2.044713683426380157e-02
2.036737836897373199e-02
2.043685503304004669e-02
2.040649205446243286e-02
2.035485021770000458e-02
2.033456973731517792e-02
2.043425105512142181e-02
2.030932344496250153e-02
2.031130529940128326e-02
2.033361978828907013e-02
2.039376832544803619e-02
2.039147354662418365e-02
2.037448994815349579e-02
2.038189209997653961e-02
2.039900235831737518e-02
2.034160867333412170e-02
2.028191834688186646e-02
2.038481272757053375e-02
2.043796330690383911e-02
2.027161419391632080e-02
2.038366347551345825e-02
2.028458938002586365e-02
2.032250352203845978e-02
2.033390104770660400e-02
2.031702548265457153e-02
2.026265673339366913e-02
2.040701545774936676e-02
2.033385261893272400e-02
2.020328678190708160e-02
2.026481740176677704e-02
2.029338479042053223e-02
2.017816714942455292e-02
2.027761191129684448e-02
2.022526785731315613e-02
2.026334963738918304e-02
2.028127759695053101e-02
2.026355080306529999e-02
2.021532319486141205e-02
2.027055062353610992e-02
2.020655386149883270e-02
2.016545459628105164e-02
2.029513940215110779e-02
2.016367390751838684e-02
2.020584605634212494e-02
2.019884251058101654e-02
2.014896646142005920e-02
2.019912190735340118e-02
2.015579119324684143e-02
2.014787495136260986e-02
2.023753337562084198e-02
2.017142064869403839e-02
2.014273405075073242e-02
2.016023173928260803e-02
2.017512731254100800e-02
2.012071758508682251e-02
2.010375447571277618e-02
2.021094597876071930e-02
2.006022818386554718e-02
2.007446624338626862e-02
2.012025192379951477e-02
2.008758857846260071e-02
2.015672065317630768e-02
2.009509876370429993e-02
2.007672935724258423e-02
2.009074389934539795e-02
2.003587782382965088e-02
1.998145133256912231e-02
2.009882777929306030e-02
2.014614641666412354e-02
2.010668255388736725e-02
2.008047141134738922e-02
2.000806853175163269e-02
2.002343162894248962e-02
2.011726051568984985e-02
2.008384093642234802e-02
2.004751563072204590e-02
2.007887884974479675e-02
1.997005008161067963e-02
2.007173933088779449e-02
1.998263411223888397e-02
2.000805735588073730e-02
2.009025961160659790e-02
1.997875981032848358e-02
2.006117813289165497e-02
2.001490071415901184e-02
2.004632353782653809e-02
2.001422643661499023e-02
1.999079622328281403e-02
2.004474960267543793e-02
1.996055245399475098e-02
2.007145620882511139e-02
2.005356363952159882e-02
1.998730376362800598e-02
1.998240128159523010e-02
1.996832527220249176e-02
2.001617476344108582e-02
1.996794342994689941e-02
2.003129385411739349e-02
1.994199864566326141e-02
2.002622745931148529e-02
1.991319656372070312e-02
1.996257901191711426e-02
1.998276449739933014e-02
1.993600465357303619e-02
1.997519657015800476e-02
1.995954848825931549e-02
1.992589421570301056e-02
1.992620527744293213e-02
1.996776647865772247e-02
1.992772892117500305e-02
1.994029060006141663e-02
1.990461163222789764e-02
1.995644532144069672e-02
1.993109658360481262e-02
1.997343450784683228e-02
1.985543034970760345e-02
1.998354867100715637e-02
1.987746916711330414e-02
1.986954733729362488e-02
1.997600309550762177e-02
1.990756765007972717e-02
1.988686248660087585e-02
1.985748484730720520e-02
1.993653178215026855e-02
1.990491710603237152e-02
1.993321441113948822e-02
1.991789601743221283e-02
1.990837231278419495e-02
1.992668397724628448e-02
1.985041424632072449e-02
1.979110576212406158e-02
1.990408822894096375e-02
1.982261985540390015e-02
1.987785287201404572e-02
1.985982432961463928e-02
1.983508467674255371e-02
1.982661895453929901e-02
1.991793140769004822e-02
1.988335140049457550e-02
1.977904327213764191e-02
1.979342661798000336e-02
1.983004249632358551e-02
1.986185275018215179e-02
1.986446790397167206e-02
1.983875222504138947e-02
1.981599070131778717e-02
1.984884962439537048e-02
1.977148838341236115e-02
