1.007309675216674805e+00
1.036940574645996094e+00
9.528715610504150391e-01
1.015622019767761230e+00
9.770284891128540039e-01
9.324339628219604492e-01
9.402296543121337891e-01
1.000420689582824707e+00
1.009435176849365234e+00
9.504055976867675781e-01
9.926111698150634766e-01
1.010617375373840332e+00
9.811674952507019043e-01
1.035408854484558105e+00
9.892927408218383789e-01
9.698410034179687500e-01
9.699435830116271973e-01
9.318888187408447266e-01
9.787093400955200195e-01
1.000772833824157715e+00
9.544560313224792480e-01
9.260446429252624512e-01
1.009796977043151855e+00
9.026027321815490723e-01
1.009041070938110352e+00
9.189765453338623047e-01
1.000118732452392578e+00
9.597064852714538574e-01
9.026578664779663086e-01
1.020533561706542969e+00
9.364790320396423340e-01
9.358521103858947754e-01
1.028949618339538574e+00
9.330063462257385254e-01
9.802828431129455566e-01
9.576067328453063965e-01
9.008130431175231934e-01
9.445919990539550781e-01
9.520426392555236816e-01
1.020328640937805176e+00
9.166278243064880371e-01
9.401433467864990234e-01
9.340987801551818848e-01
1.046133160591125488e+00
9.610253572463989258e-01
9.806622266769409180e-01
8.775231838226318359e-01
9.476907253265380859e-01
9.794319272041320801e-01
9.780905842781066895e-01
9.255238175392150879e-01
9.438455700874328613e-01
9.472937583923339844e-01
9.466966986656188965e-01
9.247031211853027344e-01
8.948071002960205078e-01
9.639325737953186035e-01
9.064226746559143066e-01
8.580939769744873047e-01
9.742688536643981934e-01
8.856254816055297852e-01
9.141382575035095215e-01
9.838248491287231445e-01
9.827428460121154785e-01
9.338560700416564941e-01
9.362777471542358398e-01
9.736973643302917480e-01
8.622586131095886230e-01
9.683198928833007812e-01
9.634909033775329590e-01
8.946043848991394043e-01
9.062715172767639160e-01
9.125939011573791504e-01
9.021041393280029297e-01
9.185516834259033203e-01
9.480642676353454590e-01
9.189450144767761230e-01
8.765628337860107422e-01
9.099045395851135254e-01
8.786406517028808594e-01
9.123466610908508301e-01
9.695196151733398438e-01
8.137926459312438965e-01
9.019923806190490723e-01
9.131920337677001953e-01
8.939886093139648438e-01
9.368700981140136719e-01
8.441690802574157715e-01
9.348344206809997559e-01
8.662186264991760254e-01
8.997198939323425293e-01
9.083721637725830078e-01
8.539362549781799316e-01
9.580269455909729004e-01
8.522425889968872070e-01
8.659185767173767090e-01
8.587754368782043457e-01
9.111772775650024414e-01
8.808209896087646484e-01
8.356994986534118652e-01
9.393057823181152344e-01
8.627643585205078125e-01
9.451091289520263672e-01
8.461388349533081055e-01
9.615603089332580566e-01
8.142521977424621582e-01
8.896746039390563965e-01
8.586079478263854980e-01
9.135239124298095703e-01
8.794095516204833984e-01
8.238422870635986328e-01
9.461548924446105957e-01
8.995403051376342773e-01
8.422214388847351074e-01
8.753048777580261230e-01
8.752658963203430176e-01
8.420342206954956055e-01
8.983805775642395020e-01
8.327777981758117676e-01
8.861980438232421875e-01
8.170637488365173340e-01
8.480017781257629395e-01
8.411386609077453613e-01
9.341733455657958984e-01
8.463972806930541992e-01
8.538277149200439453e-01
8.313957452774047852e-01
8.766149878501892090e-01
9.135167002677917480e-01
8.212085962295532227e-01
8.624507784843444824e-01
9.078171253204345703e-01
8.625943064689636230e-01
8.808923959732055664e-01
8.791773319244384766e-01
8.691545128822326660e-01
8.160813450813293457e-01
8.238359689712524414e-01
8.389607071876525879e-01
8.997795581817626953e-01
8.572943806648254395e-01
8.395112156867980957e-01
8.452913761138916016e-01
8.352001309394836426e-01
8.384276628494262695e-01
8.055766224861145020e-01
8.129355907440185547e-01
8.404353260993957520e-01
8.922813534736633301e-01
9.067909121513366699e-01
7.997737526893615723e-01
8.610671758651733398e-01
8.232175707817077637e-01
8.106762170791625977e-01
8.190518021583557129e-01
8.909431695938110352e-01
8.531903028488159180e-01
8.079723715782165527e-01
8.187547326087951660e-01
8.222924470901489258e-01
8.474640250205993652e-01
7.842575311660766602e-01
8.463505506515502930e-01
8.278920054435729980e-01
7.870549559593200684e-01
8.080012202262878418e-01
8.424670696258544922e-01
7.838847041130065918e-01
8.095733523368835449e-01
8.439249396324157715e-01
8.082097768783569336e-01
7.966133356094360352e-01
8.190613985061645508e-01
8.057187795639038086e-01
8.155300617218017578e-01
8.262391686439514160e-01
7.713565826416015625e-01
8.064966797828674316e-01
8.262370228767395020e-01
8.402455449104309082e-01
8.139285445213317871e-01
8.106581568717956543e-01
8.368255496025085449e-01
7.702054977416992188e-01
8.185850977897644043e-01
8.525928854942321777e-01
7.783448100090026855e-01
8.896178603172302246e-01
8.076512813568115234e-01
8.061656951904296875e-01
8.319544792175292969e-01
7.889813780784606934e-01
8.569955825805664062e-01
8.200298547744750977e-01
8.452499508857727051e-01
8.378120660781860352e-01
7.972404956817626953e-01
7.752681374549865723e-01
8.103589415550231934e-01
7.343899607658386230e-01
8.175708055496215820e-01
7.891598939895629883e-01
7.890375256538391113e-01
7.917691469192504883e-01
7.838372588157653809e-01
7.676055431365966797e-01
8.258996605873107910e-01
7.962854504585266113e-01
8.293245434761047363e-01
7.867211103439331055e-01
8.192399740219116211e-01
7.935023903846740723e-01
7.536355853080749512e-01
7.894384860992431641e-01
7.800451517105102539e-01
8.155809044837951660e-01
7.808486223220825195e-01
7.787016630172729492e-01
7.918351888656616211e-01
7.421106696128845215e-01
8.002237081527709961e-01
8.064897060394287109e-01
7.564679384231567383e-01
8.218895196914672852e-01
8.390710353851318359e-01
7.852758765220642090e-01
7.428681254386901855e-01
8.345401883125305176e-01
8.009093999862670898e-01
8.141571283340454102e-01
7.712050080299377441e-01
7.886342406272888184e-01
7.963923215866088867e-01
8.037508726119995117e-01
7.961567044258117676e-01
7.527751922607421875e-01
7.590970993041992188e-01
7.813439965248107910e-01
7.443246841430664062e-01
8.081386089324951172e-01
7.790356874465942383e-01
7.584258913993835449e-01
7.463015317916870117e-01
7.551292777061462402e-01
7.858787775039672852e-01
7.991672158241271973e-01
7.565735578536987305e-01
7.985823750495910645e-01
8.236659765243530273e-01
8.277943134307861328e-01
7.397596836090087891e-01
7.905109524726867676e-01
7.214028239250183105e-01
7.598692178726196289e-01
7.643727064132690430e-01
7.541357278823852539e-01
7.845498919486999512e-01
7.578672766685485840e-01
7.615040540695190430e-01
7.351804971694946289e-01
7.203553915023803711e-01
8.046849370002746582e-01
7.481921911239624023e-01
7.564142942428588867e-01
7.103419899940490723e-01
7.688360810279846191e-01
7.654039859771728516e-01
7.422627210617065430e-01
7.378618717193603516e-01
7.651114463806152344e-01
7.455064654350280762e-01
7.706711292266845703e-01
7.690452933311462402e-01
7.875372767448425293e-01
8.025835156440734863e-01
6.789559721946716309e-01
7.535745501518249512e-01
7.174695730209350586e-01
7.495515942573547363e-01
7.911179065704345703e-01
7.105250358581542969e-01
7.535106539726257324e-01
7.987439632415771484e-01
7.666881680488586426e-01
7.050129175186157227e-01
7.570123672485351562e-01
7.367000579833984375e-01
7.954908609390258789e-01
7.353927493095397949e-01
7.543464303016662598e-01
7.564898133277893066e-01
7.168144583702087402e-01
7.252227067947387695e-01
7.423399686813354492e-01
6.973826289176940918e-01
7.512559294700622559e-01
7.132350206375122070e-01
7.364053726196289062e-01
7.437649965286254883e-01
7.312439680099487305e-01
7.572274804115295410e-01
7.117658257484436035e-01
7.393631935119628906e-01
7.372043728828430176e-01
7.550914883613586426e-01
7.520757913589477539e-01
7.019072771072387695e-01
7.275516390800476074e-01
6.912740468978881836e-01
7.391328811645507812e-01
7.691447734832763672e-01
6.841253638267517090e-01
7.330768704414367676e-01
7.497286200523376465e-01
7.350288629531860352e-01
7.638531327247619629e-01
7.293115854263305664e-01
6.662321686744689941e-01
7.226059436798095703e-01
7.617557644844055176e-01
7.057082056999206543e-01
7.266731858253479004e-01
7.663211226463317871e-01
6.961638331413269043e-01
7.576535940170288086e-01
6.788960099220275879e-01
6.916670203208923340e-01
7.767555713653564453e-01
6.996729969978332520e-01
7.532625198364257812e-01
7.127611637115478516e-01
7.213601469993591309e-01
7.387027144432067871e-01
7.593064904212951660e-01
6.952841877937316895e-01
6.967121362686157227e-01
7.593001127243041992e-01
6.816140413284301758e-01
7.144689559936523438e-01
7.162886857986450195e-01
7.250158190727233887e-01
7.118635177612304688e-01
7.047128081321716309e-01
7.200844287872314453e-01
6.993356943130493164e-01
6.985192298889160156e-01
6.481942534446716309e-01
7.102931737899780273e-01
7.558502554893493652e-01
7.011873722076416016e-01
6.726768016815185547e-01
7.063757777214050293e-01
7.259029746055603027e-01
7.134300470352172852e-01
7.093535065650939941e-01
7.004998326301574707e-01
6.897454857826232910e-01
7.015451788902282715e-01
6.476247310638427734e-01
7.262222766876220703e-01
7.158169150352478027e-01
6.946614980697631836e-01
6.981796026229858398e-01
6.849590539932250977e-01
7.904993295669555664e-01
6.525728106498718262e-01
6.878817081451416016e-01
6.763552427291870117e-01
7.081000804901123047e-01
7.363523840904235840e-01
7.153701186180114746e-01
7.061772942543029785e-01
6.933271288871765137e-01
6.681042313575744629e-01
6.697544455528259277e-01
7.101630568504333496e-01
7.341939806938171387e-01
6.616629958152770996e-01
7.574369311332702637e-01
6.538196802139282227e-01
6.912227272987365723e-01
6.994159221649169922e-01
6.728621721267700195e-01
6.974279880523681641e-01
6.885896325111389160e-01
6.846075654029846191e-01
6.852055788040161133e-01
6.685985922813415527e-01
7.280008792877197266e-01
6.115745306015014648e-01
6.961764097213745117e-01
7.168966531753540039e-01
6.399052143096923828e-01
6.789367198944091797e-01
7.245771884918212891e-01
6.853083968162536621e-01
7.119732499122619629e-01
7.295475006103515625e-01
7.089223861694335938e-01
6.687220931053161621e-01
7.205040454864501953e-01
6.621459722518920898e-01
6.465207934379577637e-01
6.721132397651672363e-01
6.367592215538024902e-01
7.315405011177062988e-01
7.326067090034484863e-01
6.709253787994384766e-01
6.923626065254211426e-01
6.625403761863708496e-01
6.696482896804809570e-01
7.582061886787414551e-01
6.408281922340393066e-01
6.248043179512023926e-01
6.700572371482849121e-01
6.908191442489624023e-01
6.708272695541381836e-01
6.184180378913879395e-01
7.032656669616699219e-01
7.066844701766967773e-01
6.598221659660339355e-01
6.807630658149719238e-01
6.487711668014526367e-01
6.795153617858886719e-01
6.916638016700744629e-01
6.825035214424133301e-01
6.864705681800842285e-01
6.835153102874755859e-01
6.850621104240417480e-01
6.398915052413940430e-01
6.077619791030883789e-01
6.242325901985168457e-01
6.843861937522888184e-01
6.200699210166931152e-01
6.978814601898193359e-01
6.985854506492614746e-01
7.026364803314208984e-01
6.395040750503540039e-01
6.553599834442138672e-01
6.546595096588134766e-01
6.761972904205322266e-01
6.344870328903198242e-01
7.003485560417175293e-01
6.507432460784912109e-01
6.576914191246032715e-01
6.607955098152160645e-01
6.908440589904785156e-01
6.572197079658508301e-01
6.553537845611572266e-01
6.354098320007324219e-01
6.902683377265930176e-01
6.689875125885009766e-01
6.359062790870666504e-01
6.510342359542846680e-01
6.997206211090087891e-01
6.610541343688964844e-01
6.643198132514953613e-01
6.727185845375061035e-01
6.328825950622558594e-01
6.592923998832702637e-01
6.183190345764160156e-01
6.358433961868286133e-01
5.881078243255615234e-01
6.799232363700866699e-01
6.356618404388427734e-01
6.786774992942810059e-01
6.586473584175109863e-01
6.278112530708312988e-01
6.261363625526428223e-01
6.093876361846923828e-01
6.464950442314147949e-01
6.153825521469116211e-01
6.953644752502441406e-01
6.300770640373229980e-01
6.363862752914428711e-01
6.777998805046081543e-01
6.396321058273315430e-01
6.422616243362426758e-01
6.983354091644287109e-01
6.665863990783691406e-01
6.401017308235168457e-01
6.604801416397094727e-01
6.697524785995483398e-01
6.054084300994873047e-01
6.308396458625793457e-01
6.451131105422973633e-01
6.297348141670227051e-01
6.289486289024353027e-01
6.377618908882141113e-01
6.525169014930725098e-01
5.903958082199096680e-01
6.374733448028564453e-01
6.694851517677307129e-01
5.863996148109436035e-01
6.257921457290649414e-01
5.966028571128845215e-01
6.288074254989624023e-01
6.457439661026000977e-01
6.039432883262634277e-01
6.369433403015136719e-01
