1.077477037906646729e-01
6.141204759478569031e-02
5.484408512711524963e-02
5.211612209677696228e-02
4.919761046767234802e-02
4.762291163206100464e-02
4.645257070660591125e-02
4.646538197994232178e-02
4.515316337347030640e-02
4.455307871103286743e-02
4.367293789982795715e-02
4.376399889588356018e-02
4.305316135287284851e-02
4.237711802124977112e-02
4.238102212548255920e-02
4.180398210883140564e-02
4.141720384359359741e-02
4.125669598579406738e-02
4.088900238275527954e-02
4.065969958901405334e-02
4.053251445293426514e-02
4.069031029939651489e-02
4.049949720501899719e-02
4.009283334016799927e-02
3.937411680817604065e-02
3.974385932087898254e-02
3.939655423164367676e-02
3.933309018611907959e-02
3.930953890085220337e-02
3.912527486681938171e-02
3.883667290210723877e-02
3.879306837916374207e-02
3.870516642928123474e-02
3.858822584152221680e-02
3.833548724651336670e-02
3.838114067912101746e-02
3.807153180241584778e-02
3.829625993967056274e-02
3.788785263895988464e-02
3.806088864803314209e-02
3.756858780980110168e-02
3.774683922529220581e-02
3.777344152331352234e-02
3.756112977862358093e-02
3.763376921415328979e-02
3.744953125715255737e-02
3.707237914204597473e-02
3.715400025248527527e-02
3.731674328446388245e-02
3.694001585245132446e-02
3.715345263481140137e-02
3.661135956645011902e-02
3.684751689434051514e-02
3.684574738144874573e-02
3.676477819681167603e-02
3.701999410986900330e-02
3.673290833830833435e-02
3.662811592221260071e-02
3.661791607737541199e-02
3.649890795350074768e-02
3.652379289269447327e-02
3.643472120165824890e-02
3.626567125320434570e-02
3.629347681999206543e-02
3.641918674111366272e-02
3.603042662143707275e-02
3.610271215438842773e-02
3.616914153099060059e-02
3.609781712293624878e-02
3.601261228322982788e-02
3.605497255921363831e-02
3.582540154457092285e-02
3.603020310401916504e-02
3.584368526935577393e-02
3.571708500385284424e-02
3.576051443815231323e-02
3.587818518280982971e-02
3.531866148114204407e-02
3.556213527917861938e-02
3.549705445766448975e-02
3.535529971122741699e-02
3.555127233266830444e-02
3.535476699471473694e-02
3.554179519414901733e-02
3.542742505669593811e-02
3.530391678214073181e-02
3.533611074090003967e-02
3.537738323211669922e-02
3.519217669963836670e-02
3.502458706498146057e-02
3.530946373939514160e-02
3.525202721357345581e-02
3.516459092497825623e-02
3.508748859167098999e-02
3.510414436459541321e-02
3.515668585896492004e-02
3.504618629813194275e-02
3.497954085469245911e-02
3.490271791815757751e-02
3.480562567710876465e-02
3.476092219352722168e-02
3.494876250624656677e-02
3.484209626913070679e-02
3.475466743111610413e-02
3.464904427528381348e-02
3.471959009766578674e-02
3.471211716532707214e-02
3.459569439291954041e-02
3.459002822637557983e-02
3.460756316781044006e-02
3.453066200017929077e-02
3.458210453391075134e-02
3.450356423854827881e-02
3.444116562604904175e-02
3.442376106977462769e-02
3.431561216711997986e-02
3.442611172795295715e-02
3.440554812550544739e-02
3.424732387065887451e-02
3.431203216314315796e-02
3.439589217305183411e-02
3.423827886581420898e-02
3.423814103007316589e-02
3.427566960453987122e-02
3.416202217340469360e-02
3.409470617771148682e-02
3.424451127648353577e-02
3.411354124546051025e-02
3.408979624509811401e-02
3.415947034955024719e-02
3.408104553818702698e-02
3.420437499880790710e-02
3.392810747027397156e-02
3.400665894150733948e-02
3.398106619715690613e-02
3.406459465622901917e-02
3.397132456302642822e-02
3.389660269021987915e-02
3.396684303879737854e-02
3.391236811876296997e-02
3.393924236297607422e-02
3.378479555249214172e-02
3.374958783388137817e-02
3.386981785297393799e-02
3.378669172525405884e-02
3.374314680695533752e-02
3.369652107357978821e-02
3.378422185778617859e-02
3.374753519892692566e-02
3.377944976091384888e-02
3.358190134167671204e-02
3.374738991260528564e-02
3.358761221170425415e-02
3.363746032118797302e-02
3.357519209384918213e-02
3.358595073223114014e-02
3.345708176493644714e-02
3.351025655865669250e-02
3.339722380042076111e-02
3.364910930395126343e-02
3.343700617551803589e-02
3.349276632070541382e-02
3.344802930951118469e-02
3.350892663002014160e-02
3.349910676479339600e-02
3.347297385334968567e-02
3.340452536940574646e-02
3.341498970985412598e-02
3.332430496811866760e-02
3.334201127290725708e-02
3.328112512826919556e-02
3.322761133313179016e-02
3.330982476472854614e-02
3.331755101680755615e-02
3.321025520563125610e-02
3.332732245326042175e-02
3.325651958584785461e-02
3.320638090372085571e-02
3.320535644888877869e-02
3.327824920415878296e-02
3.316287323832511902e-02
3.306328877806663513e-02
3.295378386974334717e-02
3.319178894162178040e-02
3.291209414601325989e-02
3.315095603466033936e-02
3.314634412527084351e-02
3.303189203143119812e-02
3.294562920928001404e-02
3.286852315068244934e-02
3.306729346513748169e-02
3.306418284773826599e-02
3.297231718897819519e-02
3.294681385159492493e-02
3.298175707459449768e-02
3.292288631200790405e-02
3.286654874682426453e-02
3.282637894153594971e-02
3.292452916502952576e-02
3.263105452060699463e-02
3.296845778822898865e-02
3.293766081333160400e-02
3.283666819334030151e-02
3.254207223653793335e-02
3.284457698464393616e-02
3.262622654438018799e-02
3.276906162500381470e-02
3.277049213647842407e-02
3.258362784981727600e-02
3.258433192968368530e-02
3.276494145393371582e-02
3.264910727739334106e-02
3.259233385324478149e-02
3.275629505515098572e-02
3.265050053596496582e-02
3.267281875014305115e-02
3.267242759466171265e-02
3.239450976252555847e-02
3.242779523134231567e-02
3.249472379684448242e-02
3.264011070132255554e-02
3.267769142985343933e-02
3.246792405843734741e-02
3.247690945863723755e-02
3.259005025029182434e-02
3.251967206597328186e-02
3.246581926941871643e-02
3.242700919508934021e-02
3.239354863762855530e-02
3.256384283304214478e-02
3.232347965240478516e-02
3.241563960909843445e-02
3.243651241064071655e-02
3.248733654618263245e-02
3.234782069921493530e-02
3.249604254961013794e-02
3.231102228164672852e-02
3.243031725287437439e-02
3.228539228439331055e-02
3.244480863213539124e-02
3.218617662787437439e-02
3.231419995427131653e-02
3.218668699264526367e-02
3.223769366741180420e-02
3.237418457865715027e-02
3.239279612898826599e-02
3.221175447106361389e-02
3.232281655073165894e-02
3.216472268104553223e-02
3.229258209466934204e-02
3.213036432862281799e-02
3.207636997103691101e-02
3.218367323279380798e-02
3.225718811154365540e-02
3.209271654486656189e-02
3.224896267056465149e-02
3.210209682583808899e-02
3.196160495281219482e-02
3.214251250028610229e-02
3.208297491073608398e-02
3.206400945782661438e-02
3.202408179640769958e-02
3.212656080722808838e-02
3.204257041215896606e-02
3.205792233347892761e-02
3.204124048352241516e-02
3.211756050586700439e-02
3.195197135210037231e-02
3.200367838144302368e-02
3.194377571344375610e-02
3.195944800972938538e-02
3.203099220991134644e-02
3.199001401662826538e-02
3.188715502619743347e-02
3.192340582609176636e-02
3.190376982092857361e-02
3.194108605384826660e-02
3.197033330798149109e-02
3.193778917193412781e-02
3.186492249369621277e-02
3.193889185786247253e-02
3.184748440980911255e-02
3.193698450922966003e-02
3.186720982193946838e-02
3.189788386225700378e-02
3.188405185937881470e-02
3.188816457986831665e-02
3.195201978087425232e-02
3.186400234699249268e-02
3.183146938681602478e-02
3.173081576824188232e-02
3.172547370195388794e-02
3.179153800010681152e-02
3.179850801825523376e-02
3.182437270879745483e-02
3.189240768551826477e-02
3.170170262455940247e-02
3.183289617300033569e-02
3.173147886991500854e-02
3.172302618622779846e-02
3.162593394517898560e-02
3.163344040513038635e-02
3.166422620415687561e-02
3.169190511107444763e-02
3.154931962490081787e-02
3.163148462772369385e-02
3.173526376485824585e-02
3.153517469763755798e-02
3.151440620422363281e-02
3.167214244604110718e-02
3.141979873180389404e-02
3.155439719557762146e-02
3.158891573548316956e-02
3.161056339740753174e-02
3.133935108780860901e-02
3.149193897843360901e-02
3.143631294369697571e-02
3.155251592397689819e-02
3.160571306943893433e-02
3.135824576020240784e-02
3.143965080380439758e-02
3.137745708227157593e-02
3.148727118968963623e-02
3.136472031474113464e-02
3.154247254133224487e-02
3.137714043259620667e-02
3.142704814672470093e-02
3.144460543990135193e-02
3.127692267298698425e-02
3.133984282612800598e-02
3.121636807918548584e-02
3.144544735550880432e-02
3.129195421934127808e-02
3.130091354250907898e-02
3.135425969958305359e-02
3.125989064574241638e-02
3.130966052412986755e-02
3.129057213664054871e-02
3.131755441427230835e-02
3.126934915781021118e-02
3.122527524828910828e-02
3.114487789571285248e-02
3.125528991222381592e-02
3.130075335502624512e-02
3.117537684738636017e-02
3.122825734317302704e-02
3.122902661561965942e-02
3.114038519561290741e-02
3.131111711263656616e-02
3.127288818359375000e-02
3.109201788902282715e-02
3.110587038099765778e-02
3.124442882835865021e-02
3.125787526369094849e-02
3.118437528610229492e-02
3.104206174612045288e-02
3.120538592338562012e-02
3.119297698140144348e-02
3.123553656041622162e-02
3.079331852495670319e-02
3.104290366172790527e-02
3.113364055752754211e-02
3.112487308681011200e-02
3.115392476320266724e-02
3.101284429430961609e-02
3.103773295879364014e-02
3.100625425577163696e-02
3.116077929735183716e-02
3.100419230759143829e-02
3.092126920819282532e-02
3.104530833661556244e-02
3.096764162182807922e-02
3.111452236771583557e-02
3.102065809071063995e-02
3.100008890032768250e-02
3.102359361946582794e-02
3.088417649269104004e-02
3.094259090721607208e-02
3.092902153730392456e-02
3.087735548615455627e-02
3.090291842818260193e-02
3.092509135603904724e-02
3.097725659608840942e-02
3.098121657967567444e-02
3.083696030080318451e-02
3.082142025232315063e-02
3.101217560470104218e-02
3.085325285792350769e-02
3.094009310007095337e-02
3.083957545459270477e-02
3.093629330396652222e-02
3.098093532025814056e-02
3.085720911622047424e-02
3.075229004025459290e-02
3.077672980725765228e-02
3.088499233126640320e-02
3.072138130664825439e-02
3.076137229800224304e-02
3.077857568860054016e-02
3.086390905082225800e-02
3.079652786254882812e-02
3.085638023912906647e-02
3.070963174104690552e-02
3.077505156397819519e-02
3.068741783499717712e-02
3.079922683537006378e-02
3.082288242876529694e-02
3.079163841903209686e-02
3.063553199172019958e-02
3.073036484420299530e-02
3.082954697310924530e-02
3.073297627270221710e-02
3.068617731332778931e-02
3.076791390776634216e-02
3.078996017575263977e-02
3.065763413906097412e-02
3.071271441876888275e-02
3.070973977446556091e-02
3.072148747742176056e-02
3.070659190416336060e-02
3.070840053260326385e-02
3.069651685655117035e-02
3.061920590698719025e-02
3.056062571704387665e-02
3.065478987991809845e-02
3.067611344158649445e-02
3.060170263051986694e-02
3.062561526894569397e-02
3.064703382551670074e-02
3.066868707537651062e-02
3.062095120549201965e-02
3.049100004136562347e-02
3.066543303430080414e-02
3.054348938167095184e-02
3.069701790809631348e-02
3.062270954251289368e-02
3.059846907854080200e-02
3.053934313356876373e-02
3.060320578515529633e-02
3.064359538257122040e-02
3.060598671436309814e-02
3.067456930875778198e-02
3.051007352769374847e-02
3.041462600231170654e-02
3.057553805410861969e-02
3.062464855611324310e-02
3.061691857874393463e-02
3.048292174935340881e-02
3.047822602093219757e-02
3.052723780274391174e-02
3.043976612389087677e-02
3.051887452602386475e-02
3.052697889506816864e-02
3.052579984068870544e-02
3.044309467077255249e-02
3.051061742007732391e-02
3.055456839501857758e-02
3.050905838608741760e-02
3.043037839233875275e-02
3.042410872876644135e-02
3.042166307568550110e-02
3.042296692728996277e-02
3.039665706455707550e-02
3.047300130128860474e-02
3.041567653417587280e-02
3.046435862779617310e-02
3.039054758846759796e-02
3.039870224893093109e-02
3.038424998521804810e-02
3.036404028534889221e-02
3.028663247823715210e-02
3.039550036191940308e-02
3.028960525989532471e-02
3.032523766160011292e-02
3.036707080900669098e-02
3.037166781723499298e-02
3.028654493391513824e-02
3.030697442591190338e-02
3.038153424859046936e-02
3.019748814404010773e-02
3.040754608809947968e-02
3.027589060366153717e-02
3.024611063301563263e-02
3.026057779788970947e-02
3.027790971100330353e-02
3.024429827928543091e-02
3.031751327216625214e-02
3.025731816887855530e-02
3.024745918810367584e-02
3.021976165473461151e-02
3.024750202894210815e-02
3.025126457214355469e-02
3.019503504037857056e-02
3.023292869329452515e-02
3.021668083965778351e-02
3.031931072473526001e-02
3.021220117807388306e-02
3.011627495288848877e-02
3.014891594648361206e-02
3.018727898597717285e-02
