3.032465576171875000e+03
1.170654052734375000e+03
5.211798095703125000e+02
3.839921264648437500e+02
2.903749694824218750e+02
2.136446838378906250e+02
1.548908843994140625e+02
1.153174591064453125e+02
8.614377593994140625e+01
6.063958740234375000e+01
4.522284317016601562e+01
3.647322845458984375e+01
2.844017219543457031e+01
2.547054290771484375e+01
2.356919288635253906e+01
2.067199134826660156e+01
1.923049736022949219e+01
1.800651168823242188e+01
1.674844169616699219e+01
1.358198547363281250e+01
1.516522598266601562e+01
1.450212764739990234e+01
1.350184822082519531e+01
1.284680271148681641e+01
1.112930870056152344e+01
1.206691074371337891e+01
1.060426044464111328e+01
1.125985240936279297e+01
1.058087539672851562e+01
1.071885395050048828e+01
9.433733940124511719e+00
1.050308799743652344e+01
9.013737678527832031e+00
9.319346427917480469e+00
9.034158706665039062e+00
9.564142227172851562e+00
8.233008384704589844e+00
9.496940612792968750e+00
8.045789718627929688e+00
7.723481655120849609e+00
8.225141525268554688e+00
8.931694030761718750e+00
7.792651176452636719e+00
8.610419273376464844e+00
7.627490043640136719e+00
7.477801799774169922e+00
8.463518142700195312e+00
7.528994560241699219e+00
7.560563087463378906e+00
7.170415878295898438e+00
7.151785373687744141e+00
7.537280082702636719e+00
6.826848506927490234e+00
6.721111297607421875e+00
7.617225646972656250e+00
7.676046848297119141e+00
6.035290241241455078e+00
7.099896430969238281e+00
5.997534275054931641e+00
6.868966102600097656e+00
6.082252502441406250e+00
6.659239292144775391e+00
6.552893161773681641e+00
6.549076557159423828e+00
6.557267189025878906e+00
6.289569854736328125e+00
6.149504661560058594e+00
6.514799594879150391e+00
6.311614036560058594e+00
5.723481178283691406e+00
5.713725090026855469e+00
6.723474025726318359e+00
5.476734161376953125e+00
5.474081039428710938e+00
5.802842140197753906e+00
5.369811534881591797e+00
5.758756160736083984e+00
5.948490619659423828e+00
5.513823509216308594e+00
5.189923286437988281e+00
5.326508998870849609e+00
5.481055736541748047e+00
5.499960422515869141e+00
5.916591644287109375e+00
4.937305927276611328e+00
5.219666957855224609e+00
5.128338336944580078e+00
5.203045368194580078e+00
5.413277626037597656e+00
5.100300788879394531e+00
4.899974346160888672e+00
5.136080741882324219e+00
4.806618690490722656e+00
5.490260124206542969e+00
4.147539138793945312e+00
5.084776878356933594e+00
4.594060420989990234e+00
4.628212451934814453e+00
5.169040679931640625e+00
4.414174079895019531e+00
4.733822345733642578e+00
5.112344741821289062e+00
4.217808246612548828e+00
5.106471061706542969e+00
4.284035682678222656e+00
4.250721454620361328e+00
4.995777130126953125e+00
4.561170101165771484e+00
4.334279060363769531e+00
4.289793014526367188e+00
4.033642292022705078e+00
4.196715831756591797e+00
4.354285717010498047e+00
4.483579158782958984e+00
4.424129009246826172e+00
4.416022300720214844e+00
3.927420377731323242e+00
4.584582805633544922e+00
3.773689270019531250e+00
4.261726856231689453e+00
3.922554254531860352e+00
4.082343578338623047e+00
4.238012790679931641e+00
3.966599702835083008e+00
4.087052345275878906e+00
3.902370214462280273e+00
4.040732383728027344e+00
3.883963108062744141e+00
3.992829561233520508e+00
3.869782447814941406e+00
3.940449953079223633e+00
3.507890224456787109e+00
3.785292387008666992e+00
4.313472270965576172e+00
3.439800977706909180e+00
4.053989887237548828e+00
3.764823436737060547e+00
3.607188463211059570e+00
3.703968286514282227e+00
3.668802022933959961e+00
3.768847942352294922e+00
3.730073213577270508e+00
3.380370378494262695e+00
3.757219552993774414e+00
3.869349718093872070e+00
3.433687448501586914e+00
3.406918287277221680e+00
3.244072914123535156e+00
3.742132425308227539e+00
3.919589519500732422e+00
3.341778993606567383e+00
3.654166460037231445e+00
3.497134685516357422e+00
3.230589151382446289e+00
3.656009674072265625e+00
3.460649013519287109e+00
3.547225475311279297e+00
3.339715003967285156e+00
3.385880231857299805e+00
3.270600318908691406e+00
3.498462915420532227e+00
3.252660512924194336e+00
3.394664049148559570e+00
3.425528526306152344e+00
3.091028451919555664e+00
3.189586877822875977e+00
3.257321119308471680e+00
3.230030298233032227e+00
3.120574235916137695e+00
2.970910072326660156e+00
3.086604595184326172e+00
3.284297704696655273e+00
3.135740280151367188e+00
2.981635570526123047e+00
3.065595149993896484e+00
2.979869842529296875e+00
3.134863138198852539e+00
2.854127168655395508e+00
3.105779170989990234e+00
3.366960048675537109e+00
2.940917015075683594e+00
2.733968257904052734e+00
2.927080154418945312e+00
2.638548135757446289e+00
3.420509099960327148e+00
3.003685235977172852e+00
2.844045162200927734e+00
2.738915920257568359e+00
2.721313953399658203e+00
3.021680116653442383e+00
2.715650081634521484e+00
2.905727386474609375e+00
2.904085397720336914e+00
2.967675209045410156e+00
2.731877326965332031e+00
2.901268720626831055e+00
2.742746829986572266e+00
3.188678026199340820e+00
2.502233743667602539e+00
2.959974527359008789e+00
2.777670860290527344e+00
2.948820114135742188e+00
2.600097656250000000e+00
2.769524574279785156e+00
2.471318006515502930e+00
2.475075244903564453e+00
2.907081842422485352e+00
2.426799297332763672e+00
2.457661628723144531e+00
2.632513046264648438e+00
2.734926223754882812e+00
2.333461284637451172e+00
2.962508201599121094e+00
2.716838836669921875e+00
2.437883853912353516e+00
2.383612871170043945e+00
2.483584642410278320e+00
2.547595739364624023e+00
2.350079298019409180e+00
2.517551660537719727e+00
2.454548835754394531e+00
2.281293869018554688e+00
2.868354797363281250e+00
2.661834478378295898e+00
2.298353195190429688e+00
2.386995077133178711e+00
2.643561124801635742e+00
2.331149101257324219e+00
2.387622356414794922e+00
2.569243431091308594e+00
2.464648962020874023e+00
2.338112831115722656e+00
2.423770666122436523e+00
2.384679317474365234e+00
2.249860286712646484e+00
2.443332195281982422e+00
2.344658613204956055e+00
2.336308002471923828e+00
2.513670921325683594e+00
2.186840534210205078e+00
2.288721084594726562e+00
2.410191059112548828e+00
2.221409559249877930e+00
2.061359405517578125e+00
2.426589488983154297e+00
2.298850774765014648e+00
2.299977064132690430e+00
2.231468200683593750e+00
2.115880966186523438e+00
2.306082487106323242e+00
2.259670019149780273e+00
2.201734066009521484e+00
2.017390489578247070e+00
2.122558832168579102e+00
2.246476411819458008e+00
2.418587446212768555e+00
2.246523380279541016e+00
2.106325864791870117e+00
2.028493642807006836e+00
2.286896228790283203e+00
2.326900959014892578e+00
1.937602162361145020e+00
2.257413625717163086e+00
1.931413292884826660e+00
2.104463815689086914e+00
2.175313711166381836e+00
2.178334951400756836e+00
2.005466699600219727e+00
2.083572149276733398e+00
2.107734441757202148e+00
2.105285882949829102e+00
1.969162106513977051e+00
2.179802894592285156e+00
2.172169446945190430e+00
2.073355913162231445e+00
2.023621559143066406e+00
2.192209482192993164e+00
1.904866337776184082e+00
1.990122556686401367e+00
1.892848014831542969e+00
2.097158193588256836e+00
2.023676872253417969e+00
1.961759209632873535e+00
2.195601940155029297e+00
1.837350130081176758e+00
2.046072959899902344e+00
2.022445678710937500e+00
1.961356282234191895e+00
1.938076019287109375e+00
2.179724454879760742e+00
1.930720686912536621e+00
1.936140775680541992e+00
2.050108671188354492e+00
1.721869707107543945e+00
2.012727499008178711e+00
2.106464385986328125e+00
1.971035242080688477e+00
2.000158309936523438e+00
1.796147704124450684e+00
1.933534502983093262e+00
1.827289938926696777e+00
1.962257504463195801e+00
1.878861665725708008e+00
1.906933784484863281e+00
1.964842796325683594e+00
2.013695240020751953e+00
1.838843464851379395e+00
1.942135214805603027e+00
1.805074453353881836e+00
1.874087691307067871e+00
1.744512319564819336e+00
1.964758157730102539e+00
1.855282783508300781e+00
1.882018327713012695e+00
1.872647523880004883e+00
1.844702005386352539e+00
1.839685797691345215e+00
1.690347075462341309e+00
1.880074501037597656e+00
1.853908181190490723e+00
1.913192868232727051e+00
1.764365434646606445e+00
1.794414401054382324e+00
2.082248926162719727e+00
1.583660840988159180e+00
1.765380859375000000e+00
1.863880157470703125e+00
1.781917095184326172e+00
1.816931128501892090e+00
1.833081007003784180e+00
1.742090940475463867e+00
1.785960555076599121e+00
1.800210237503051758e+00
1.748871803283691406e+00
1.865491032600402832e+00
1.769977688789367676e+00
1.766044497489929199e+00
1.686921834945678711e+00
1.912333369255065918e+00
1.836224079132080078e+00
1.576360464096069336e+00
1.767374992370605469e+00
1.685771703720092773e+00
1.696913957595825195e+00
1.723099350929260254e+00
1.629637360572814941e+00
1.546653270721435547e+00
1.859897375106811523e+00
1.693263053894042969e+00
1.814551591873168945e+00
1.495736002922058105e+00
1.789795160293579102e+00
1.627025842666625977e+00
1.723897695541381836e+00
1.790415406227111816e+00
1.827504754066467285e+00
1.639074206352233887e+00
1.553911447525024414e+00
1.731229305267333984e+00
1.781181097030639648e+00
1.600615859031677246e+00
1.743135094642639160e+00
1.653797864913940430e+00
1.609281659126281738e+00
1.598186492919921875e+00
1.632031202316284180e+00
1.785531401634216309e+00
1.716217041015625000e+00
1.606837391853332520e+00
1.741955280303955078e+00
1.676441431045532227e+00
1.799858808517456055e+00
1.626644492149353027e+00
1.599002718925476074e+00
1.584840774536132812e+00
1.664188027381896973e+00
1.581672072410583496e+00
1.771220326423645020e+00
1.610873579978942871e+00
1.622559785842895508e+00
1.598468542098999023e+00
1.539692878723144531e+00
1.675883769989013672e+00
1.562115788459777832e+00
1.605581045150756836e+00
1.593635439872741699e+00
1.601570606231689453e+00
1.596439242362976074e+00
1.651706695556640625e+00
1.476727247238159180e+00
1.651484370231628418e+00
1.551985502243041992e+00
1.625879883766174316e+00
1.444509148597717285e+00
1.550392985343933105e+00
1.528202056884765625e+00
1.545424818992614746e+00
1.522238254547119141e+00
1.554247736930847168e+00
1.534409642219543457e+00
1.617082715034484863e+00
1.483039259910583496e+00
1.581439971923828125e+00
1.452018857002258301e+00
1.508548736572265625e+00
1.459663748741149902e+00
1.586125850677490234e+00
1.552616477012634277e+00
1.455768942832946777e+00
1.507495284080505371e+00
1.503193020820617676e+00
1.624907016754150391e+00
1.442628026008605957e+00
1.598736286163330078e+00
1.476815700531005859e+00
1.475915670394897461e+00
1.527706384658813477e+00
1.506033897399902344e+00
1.386503934860229492e+00
1.596076250076293945e+00
1.437574625015258789e+00
1.481743693351745605e+00
1.498661041259765625e+00
1.541157960891723633e+00
1.332837581634521484e+00
1.499666690826416016e+00
1.442141532897949219e+00
1.554218053817749023e+00
1.453017592430114746e+00
1.713343620300292969e+00
1.378122210502624512e+00
1.502380847930908203e+00
1.426499247550964355e+00
1.381493449211120605e+00
1.462145566940307617e+00
1.642402172088623047e+00
1.310387849807739258e+00
1.434554338455200195e+00
1.558783054351806641e+00
1.467703223228454590e+00
1.356270790100097656e+00
1.455547451972961426e+00
1.492400407791137695e+00
1.389232635498046875e+00
1.367839574813842773e+00
1.604266524314880371e+00
1.293974280357360840e+00
1.522992968559265137e+00
1.421458482742309570e+00
1.469855546951293945e+00
1.409418463706970215e+00
1.380051970481872559e+00
1.489272356033325195e+00
1.389018177986145020e+00
1.411127328872680664e+00
1.458714723587036133e+00
1.378143668174743652e+00
1.250255107879638672e+00
1.423856496810913086e+00
1.441886305809020996e+00
1.260849833488464355e+00
1.513275146484375000e+00
1.388326168060302734e+00
1.508276939392089844e+00
1.368778467178344727e+00
1.485136866569519043e+00
1.259613156318664551e+00
1.462459206581115723e+00
1.464035868644714355e+00
1.373753190040588379e+00
1.584380745887756348e+00
1.385137200355529785e+00
1.392378687858581543e+00
1.383722066879272461e+00
1.340783715248107910e+00
1.510755896568298340e+00
1.398015618324279785e+00
1.271500945091247559e+00
1.386654496192932129e+00
1.361822247505187988e+00
1.446714401245117188e+00
1.301753401756286621e+00
1.560838699340820312e+00
1.415637135505676270e+00
1.296910643577575684e+00
1.410888433456420898e+00
1.291534900665283203e+00
1.326493024826049805e+00
1.318198800086975098e+00
1.330853223800659180e+00
1.372035741806030273e+00
1.356542706489562988e+00
1.408438920974731445e+00
1.273720860481262207e+00
1.390280961990356445e+00
1.292881011962890625e+00
1.169471502304077148e+00
1.340861320495605469e+00
1.349401235580444336e+00
1.239785432815551758e+00
1.521933794021606445e+00
1.236265540122985840e+00
1.325840473175048828e+00
1.361020565032958984e+00
1.464798331260681152e+00
1.267855405807495117e+00
1.372173666954040527e+00
1.395473480224609375e+00
1.446129918098449707e+00
1.205774545669555664e+00
1.312753438949584961e+00
1.311262011528015137e+00
1.400041699409484863e+00
1.221603274345397949e+00
1.402031779289245605e+00
1.229604363441467285e+00
1.402235865592956543e+00
1.227487564086914062e+00
1.266858935356140137e+00
1.270205378532409668e+00
1.333127856254577637e+00
1.265542149543762207e+00
1.276376128196716309e+00
1.319642782211303711e+00
1.274230837821960449e+00
1.264056921005249023e+00
1.282715320587158203e+00
1.188442349433898926e+00
1.298129558563232422e+00
1.389123797416687012e+00
1.219130039215087891e+00
1.326197147369384766e+00
1.265356779098510742e+00
1.332846522331237793e+00
1.271328210830688477e+00
1.236070275306701660e+00
1.194257736206054688e+00
1.337775826454162598e+00
1.146299600601196289e+00
1.399476408958435059e+00
1.279495120048522949e+00
1.300282716751098633e+00
1.272366285324096680e+00
1.261716842651367188e+00
1.280547738075256348e+00
1.218145012855529785e+00
1.331786751747131348e+00
1.203985452651977539e+00
1.388345003128051758e+00
1.184976577758789062e+00
1.258457183837890625e+00
1.117315888404846191e+00
1.230207681655883789e+00
1.293753385543823242e+00
1.297402620315551758e+00
1.225057601928710938e+00
1.358217716217041016e+00
1.113132596015930176e+00
1.171187281608581543e+00
1.265723466873168945e+00
1.239970684051513672e+00
1.337045550346374512e+00
1.275281071662902832e+00
1.183197498321533203e+00
1.227544784545898438e+00
1.308946847915649414e+00
1.488699674606323242e+00
1.068023800849914551e+00
1.189089059829711914e+00
1.104481816291809082e+00
1.318573236465454102e+00
1.189824104309082031e+00
1.341832518577575684e+00
1.229645848274230957e+00
1.262670040130615234e+00
1.123500585556030273e+00
1.360660433769226074e+00
1.112908482551574707e+00
1.231567621231079102e+00
1.169858694076538086e+00
1.262872815132141113e+00
1.244189262390136719e+00
1.257574677467346191e+00
1.230754733085632324e+00
1.174402952194213867e+00
1.102766394615173340e+00
1.206026196479797363e+00
1.136063218116760254e+00
1.218080401420593262e+00
1.180249333381652832e+00
1.166270852088928223e+00
1.133571863174438477e+00
1.199320197105407715e+00
1.140566229820251465e+00
1.288899540901184082e+00
1.112951397895812988e+00
1.204473018646240234e+00
1.142698645591735840e+00
1.148199319839477539e+00
1.148924469947814941e+00
1.254135131835937500e+00
1.125323295593261719e+00
1.273589611053466797e+00
1.158700942993164062e+00
1.164697051048278809e+00
1.168925523757934570e+00
1.263452053070068359e+00
1.232627749443054199e+00
9.718734025955200195e-01
1.244652152061462402e+00
1.074994206428527832e+00
1.248931765556335449e+00
1.183687686920166016e+00
1.127162337303161621e+00
1.166264533996582031e+00
1.162760376930236816e+00
1.243213176727294922e+00
1.084750890731811523e+00
1.263708114624023438e+00
1.101974368095397949e+00
1.208913564682006836e+00
1.163522124290466309e+00
1.229904770851135254e+00
1.050223469734191895e+00
1.132465004920959473e+00
1.224666237831115723e+00
1.177552580833435059e+00
1.126944780349731445e+00
1.253316402435302734e+00
1.153195858001708984e+00
1.150425672531127930e+00
1.164740204811096191e+00
1.101255774497985840e+00
1.150219082832336426e+00
1.163591384887695312e+00
1.240724325180053711e+00
1.169359564781188965e+00
1.064242601394653320e+00
1.163332223892211914e+00
1.198830366134643555e+00
1.163963794708251953e+00
1.159133791923522949e+00
1.192024350166320801e+00
9.963729977607727051e-01
1.167320489883422852e+00
1.052178621292114258e+00
1.155814051628112793e+00
1.204809784889221191e+00
1.264605879783630371e+00
1.076197504997253418e+00
1.106275796890258789e+00
1.252405166625976562e+00
1.211407303810119629e+00
1.052219748497009277e+00
1.059632658958435059e+00
1.187626242637634277e+00
1.084580898284912109e+00
1.129416346549987793e+00
1.086003422737121582e+00
1.137673139572143555e+00
1.087887525558471680e+00
1.217982292175292969e+00
1.028182864189147949e+00
1.081680774688720703e+00
1.208828449249267578e+00
1.107435584068298340e+00
1.146422028541564941e+00
1.070505499839782715e+00
1.166548132896423340e+00
1.128117322921752930e+00
1.087228178977966309e+00
1.079354643821716309e+00
1.148199200630187988e+00
1.089696645736694336e+00
1.097824811935424805e+00
1.224301934242248535e+00
1.115979909896850586e+00
1.035231232643127441e+00
1.039806842803955078e+00
1.162807941436767578e+00
1.073790669441223145e+00
1.117378711700439453e+00
1.056016445159912109e+00
1.000463366508483887e+00
1.157201766967773438e+00
1.136088013648986816e+00
1.159277439117431641e+00
1.018354535102844238e+00
1.143110513687133789e+00
1.115056037902832031e+00
1.099230647087097168e+00
9.985730648040771484e-01
1.105284810066223145e+00
1.240570902824401855e+00
1.008340001106262207e+00
1.148255467414855957e+00
1.059106349945068359e+00
1.242621779441833496e+00
1.090373635292053223e+00
1.080846667289733887e+00
1.167522311210632324e+00
1.098148584365844727e+00
1.019451260566711426e+00
1.121373414993286133e+00
1.028831124305725098e+00
1.043745636940002441e+00
1.009385585784912109e+00
1.013810157775878906e+00
1.106597065925598145e+00
1.109063386917114258e+00
1.097249627113342285e+00
1.040682315826416016e+00
1.186006665229797363e+00
1.015491962432861328e+00
1.186129927635192871e+00
1.045751452445983887e+00
1.163201570510864258e+00
1.088014960289001465e+00
1.069550752639770508e+00
1.107366681098937988e+00
1.007764101028442383e+00
1.120738744735717773e+00
9.894578456878662109e-01
1.008336424827575684e+00
1.078851342201232910e+00
1.101588726043701172e+00
1.045976996421813965e+00
1.026338338851928711e+00
1.061599254608154297e+00
1.021641135215759277e+00
1.110211372375488281e+00
9.089128971099853516e-01
1.015083909034729004e+00
1.069303989410400391e+00
1.054946899414062500e+00
1.048106670379638672e+00
1.045701384544372559e+00
9.672539830207824707e-01
1.119977951049804688e+00
9.419367313385009766e-01
1.117855072021484375e+00
9.569925665855407715e-01
1.051485419273376465e+00
1.070993423461914062e+00
9.994712471961975098e-01
9.487985968589782715e-01
1.092467904090881348e+00
9.931544661521911621e-01
1.055684924125671387e+00
1.084475398063659668e+00
1.080283761024475098e+00
9.878277778625488281e-01
1.102091073989868164e+00
9.710164666175842285e-01
1.054944992065429688e+00
9.328475594520568848e-01
1.037374377250671387e+00
1.120380878448486328e+00
1.009374141693115234e+00
1.004078626632690430e+00
1.067109584808349609e+00
9.383772611618041992e-01
1.020510911941528320e+00
1.094956874847412109e+00
9.598392248153686523e-01
1.049930691719055176e+00
9.685388207435607910e-01
1.024469017982482910e+00
1.005160331726074219e+00
1.074769377708435059e+00
9.392598867416381836e-01
1.047550678253173828e+00
9.475551843643188477e-01
1.068478345870971680e+00
1.019477605819702148e+00
1.016461133956909180e+00
1.143358230590820312e+00
1.031164646148681641e+00
9.566246271133422852e-01
9.694587588310241699e-01
1.065190911293029785e+00
1.173259139060974121e+00
9.635868072509765625e-01
1.014802336692810059e+00
1.018959522247314453e+00
9.470493197441101074e-01
1.137551903724670410e+00
1.110355019569396973e+00
9.871760606765747070e-01
1.028599619865417480e+00
8.783981204032897949e-01
1.065777063369750977e+00
1.017823815345764160e+00
1.063980937004089355e+00
9.671750664710998535e-01
9.642181396484375000e-01
1.064155697822570801e+00
9.336590170860290527e-01
1.089384198188781738e+00
9.673901200294494629e-01
1.016090631484985352e+00
9.757252335548400879e-01
1.072718858718872070e+00
9.798988699913024902e-01
8.400267362594604492e-01
1.013262987136840820e+00
1.068852782249450684e+00
9.554359316825866699e-01
1.029901742935180664e+00
9.618254303932189941e-01
9.324214458465576172e-01
1.051632404327392578e+00
9.081044793128967285e-01
9.178674817085266113e-01
1.035462975502014160e+00
9.404913187026977539e-01
9.200805425643920898e-01
9.772832393646240234e-01
9.860844612121582031e-01
9.404183626174926758e-01
1.007594227790832520e+00
8.884570598602294922e-01
9.597064256668090820e-01
9.614189267158508301e-01
1.081446051597595215e+00
8.457247018814086914e-01
1.032983183860778809e+00
1.028196096420288086e+00
9.679500460624694824e-01
9.050074219703674316e-01
9.891960024833679199e-01
1.075439810752868652e+00
8.999463319778442383e-01
9.428828954696655273e-01
1.137756824493408203e+00
8.784841895103454590e-01
1.017606496810913086e+00
9.246714711189270020e-01
1.021736860275268555e+00
9.525448679924011230e-01
9.093102812767028809e-01
9.482178092002868652e-01
9.138142466545104980e-01
1.034576416015625000e+00
9.003494381904602051e-01
1.049934148788452148e+00
8.488138318061828613e-01
1.004134058952331543e+00
1.008965849876403809e+00
9.619593024253845215e-01
9.794454574584960938e-01
9.184929132461547852e-01
9.611153602600097656e-01
9.193336963653564453e-01
1.007456183433532715e+00
9.390107393264770508e-01
9.241937994956970215e-01
9.909132719039916992e-01
9.382702112197875977e-01
9.969644546508789062e-01
1.040454387664794922e+00
9.121285080909729004e-01
8.649554252624511719e-01
9.761225581169128418e-01
1.003779649734497070e+00
9.269270896911621094e-01
9.405035972595214844e-01
1.068694233894348145e+00
8.634294867515563965e-01
9.298224449157714844e-01
8.539863824844360352e-01
1.044407129287719727e+00
9.709724783897399902e-01
1.027296185493469238e+00
9.455140233039855957e-01
9.271158576011657715e-01
9.968837499618530273e-01
9.513523578643798828e-01
8.813219070434570312e-01
9.047260880470275879e-01
1.004562854766845703e+00
8.728741407394409180e-01
9.866059422492980957e-01
9.559807777404785156e-01
9.553580880165100098e-01
9.972369670867919922e-01
8.929896354675292969e-01
8.792189955711364746e-01
1.022855520248413086e+00
9.288761615753173828e-01
8.671984076499938965e-01
9.728572368621826172e-01
9.890269637107849121e-01
9.121237397193908691e-01
9.530628323554992676e-01
9.881195425987243652e-01
1.006355762481689453e+00
8.301368951797485352e-01
9.239378571510314941e-01
9.195361733436584473e-01
9.074539542198181152e-01
9.275720715522766113e-01
9.381225705146789551e-01
9.740135669708251953e-01
8.963980674743652344e-01
9.823615550994873047e-01
8.506980538368225098e-01
1.016809701919555664e+00
9.318779706954956055e-01
8.134941458702087402e-01
8.148170709609985352e-01
9.256531596183776855e-01
9.183582663536071777e-01
8.538982272148132324e-01
9.498194456100463867e-01
8.840732574462890625e-01
1.069698810577392578e+00
8.018943071365356445e-01
9.320943951606750488e-01
9.086061120033264160e-01
8.585051298141479492e-01
9.940074682235717773e-01
8.905922770500183105e-01
9.115071892738342285e-01
9.108821153640747070e-01
8.688612580299377441e-01
9.517105221748352051e-01
8.856196999549865723e-01
9.622405767440795898e-01
8.119835257530212402e-01
9.011898636817932129e-01
9.402643442153930664e-01
9.720111489295959473e-01
8.820382356643676758e-01
8.938498497009277344e-01
9.725376963615417480e-01
8.779926896095275879e-01
9.079965353012084961e-01
9.272779822349548340e-01
8.080280423164367676e-01
1.021401882171630859e+00
9.096612334251403809e-01
8.449094295501708984e-01
8.492704033851623535e-01
9.316614866256713867e-01
9.330480098724365234e-01
8.526758551597595215e-01
8.836742043495178223e-01
9.317163228988647461e-01
8.547090888023376465e-01
9.024096131324768066e-01
9.462556242942810059e-01
8.975304365158081055e-01
8.930746316909790039e-01
9.025284647941589355e-01
7.628649473190307617e-01
9.449654221534729004e-01
9.731644392013549805e-01
8.400267958641052246e-01
1.072258472442626953e+00
8.503502607345581055e-01
8.051831126213073730e-01
9.325181245803833008e-01
8.888320922851562500e-01
9.119695425033569336e-01
9.082405567169189453e-01
8.826258182525634766e-01
8.292839527130126953e-01
8.917755484580993652e-01
8.609097003936767578e-01
9.369292259216308594e-01
8.728659152984619141e-01
9.667146801948547363e-01
8.274366855621337891e-01
8.613683581352233887e-01
9.283826947212219238e-01
8.994923233985900879e-01
8.184934258460998535e-01
9.686069488525390625e-01
7.670108675956726074e-01
8.791201114654541016e-01
9.538751840591430664e-01
8.417556285858154297e-01
8.954995274543762207e-01
9.908235669136047363e-01
7.846460938453674316e-01
8.771634697914123535e-01
9.229943752288818359e-01
9.312930703163146973e-01
8.266673088073730469e-01
8.679844141006469727e-01
9.321109056472778320e-01
8.660848140716552734e-01
8.611263036727905273e-01
8.754444122314453125e-01
8.721139430999755859e-01
8.605153560638427734e-01
9.372433423995971680e-01
9.265011548995971680e-01
7.815964221954345703e-01
