# Z  N   AME2020   Prediction   Difference
000 001   8.071     44.321    -36.250
001 000   7.289     44.535    -37.246
001 001  13.136     33.509    -20.373
001 002  14.950     30.094    -15.144
001 003  24.621     28.786     -4.165
001 004  32.892     27.779      5.113
001 005  41.876     27.717     14.159
002 001  14.931     29.324    -14.393
002 002   2.425     26.856    -24.431
002 003  11.231     26.016    -14.785
002 004  17.592     25.232     -7.640
002 005  26.073     25.165      0.908
002 006  31.610     24.838      6.772
002 007  40.936     25.215     15.721
002 008  49.197     25.000     24.197
003 001  25.323     28.838     -3.515
003 002  11.679     26.920    -15.241
003 003  14.087     26.156    -12.069
003 004  14.907     25.380    -10.473
003 005  20.946     25.304     -4.358
003 006  24.955     24.920      0.035
003 007  33.053     25.191      7.862
003 008  40.728     25.027     15.701
003 009  49.010     25.524     23.486
003 010  56.981     25.301     31.680
004 002  18.375     25.117     -6.742
004 003  15.769     24.437     -8.668
004 004   4.942     23.795    -18.853
004 005  11.348     23.553    -12.205
004 006  12.607     23.398    -10.791
004 007  20.177     23.256     -3.079
004 008  25.078     23.342      1.736
004 009  33.659     23.340     10.319
004 010  39.955     23.553     16.402
004 011  49.826     23.806     26.020
004 012  57.447     24.037     33.410
005 002  27.677     26.052      1.625
005 003  22.922     25.269     -2.347
005 004  12.416     24.329    -11.913
005 005  12.051     24.100    -12.049
005 006   8.668     23.481    -14.813
005 007  13.369     23.203     -9.834
005 008  16.562     23.230     -6.668
005 009  23.664     22.830      0.834
005 010  28.957     23.182      5.775
005 011  37.112     23.406     13.706
005 012  43.716     23.497     20.219
005 013  51.793     24.411     27.382
005 014  59.770     24.075     35.695
005 015  69.402     25.090     44.312
005 016  78.383     24.768     53.615
006 002  35.064     24.698     10.366
006 003  28.911     23.851      5.060
006 004  15.699     23.178     -7.479
006 005  10.649     22.638    -11.989
006 006   0.000     22.407    -22.407
006 007   3.125     21.674    -18.549
006 008   3.020     21.987    -18.967
006 009   9.873     20.551    -10.678
006 010  13.694     21.543     -7.849
006 011  21.032     20.612      0.420
006 012  24.919     21.515      3.404
006 013  32.414     21.194     11.220
006 014  37.504     21.921     15.583
006 016  53.611     22.766     30.845
007 003  38.800     25.197     13.603
007 004  24.366     23.984      0.382
007 005  17.338     23.185     -5.847
007 006   5.345     22.379    -17.034
007 007   2.863     19.715    -16.852
007 008   0.101     19.928    -19.827
007 009   5.684     16.405    -10.721
007 010   7.870     18.005    -10.135
007 011  13.113     15.256     -2.143
007 012  15.856     17.528     -1.672
007 013  21.766     16.152      5.614
007 014  25.232     18.334      6.898
007 015  31.765     18.755     13.010
007 016  36.720     20.489     16.231
008 003  47.739     23.853     23.886
008 004  32.013     23.057      8.956
008 005  23.115     22.247      0.868
008 006   8.008     21.891    -13.883
008 007   2.856     18.772    -15.916
008 008  -4.737     19.722    -24.459
008 009  -0.809     13.816    -14.625
008 010  -0.783     16.349    -17.132
008 011   3.333     11.551     -8.218
008 012   3.796     14.584    -10.788
008 013   8.062     11.549     -3.487
008 014   9.283     13.999     -4.716
008 015  14.621     12.488      2.133
008 016  18.500     15.670      2.830
008 017  27.329     14.369     12.960
008 018  34.661     17.685     16.976
009 005  31.964     22.740      9.224
009 006  16.567     21.588     -5.021
009 007  10.675     16.696     -6.021
009 008   1.952     16.179    -14.227
009 009   0.873     11.147    -10.274
009 010  -1.487     11.702    -13.189
009 011  -0.017      7.686     -7.703
009 012  -0.048      8.794     -8.842
009 013   2.793      6.340     -3.547
009 014   3.285      7.898     -4.613
009 015   7.545      7.691     -0.146
009 016  11.334      9.278      2.056
009 017  18.675     10.688      7.987
009 018  25.133     11.645     13.488
009 019  33.404     14.287     19.117
009 020  40.150     13.957     26.193
010 005  40.215     22.208     18.007
010 006  23.987     21.537      2.450
010 007  16.500     16.903     -0.403
010 008   5.318     16.806    -11.488
010 009   1.752     10.021     -8.269
010 010  -7.042     11.079    -18.121
010 011  -5.732      5.694    -11.426
010 012  -8.025      6.679    -14.704
010 013  -5.154      3.345     -8.499
010 014  -5.952      3.980     -9.932
010 015  -2.036      2.555     -4.591
010 016   0.481      4.036     -3.555
010 017   7.051      3.271      3.780
010 018  11.300      5.801      5.499
010 019  18.400      5.342     13.058
010 020  23.280      7.950     15.330
010 021  31.182      8.865     22.317
011 006  34.720     21.534     13.186
011 007  25.038     16.769      8.269
011 008  12.929     14.725     -1.796
011 009   6.850      9.571     -2.721
011 010  -2.185      7.913    -10.098
011 011  -5.181      3.657     -8.838
011 012  -9.530      2.538    -12.068
011 013  -8.418     -0.401     -8.017
011 014  -9.358     -0.874     -8.484
011 015  -6.861     -0.842     -6.019
011 016  -5.518     -1.283     -4.235
011 017  -0.988      1.296     -2.284
011 018   2.680     -0.298      2.978
011 019   8.475      3.975      4.500
011 020  12.246      1.370     10.876
011 021  18.640      7.240     11.400
011 022  23.780      5.617     18.163
011 023  31.680     10.633     21.047
012 007  31.838     17.071     14.767
012 008  17.478     15.238      2.240
012 009  10.904      8.690      2.214
012 010  -0.400      7.111     -7.511
012 011  -5.474      2.466     -7.940
012 012 -13.934     -0.141    -13.793
012 013 -13.193     -2.708    -10.485
012 014 -16.215     -4.941    -11.274
012 015 -14.587     -5.584     -9.003
012 016 -15.020     -6.625     -8.395
012 017 -10.612     -6.272     -4.340
012 018  -8.881     -6.415     -2.466
012 019  -3.122     -5.639      2.517
012 020  -0.829     -5.350      4.521
012 021   4.963     -3.255      8.218
012 022   8.323     -2.225     10.548
012 023  15.640      0.437     15.203
012 024  20.380      1.756     18.624
012 025  28.211      4.066     24.145
013 010   6.748      6.261      0.487
013 011  -0.049      1.390     -1.439
013 012  -8.916     -1.520     -7.396
013 013 -12.210     -4.883     -7.327
013 014 -17.197     -7.410     -9.787
013 015 -16.851     -7.916     -8.935
013 016 -18.208     -9.904     -8.304
013 017 -15.864     -8.660     -7.204
013 018 -14.951    -11.279     -3.672
013 019 -11.099     -8.391     -2.708
013 020  -8.497    -11.667      3.170
013 021  -2.998     -6.256      3.258
013 022  -0.224     -8.261      8.037
013 023   5.950     -2.314      8.264
013 024   9.810     -4.629     14.439
014 010  10.745      4.778      5.967
014 011   3.827      1.261      2.566
014 012  -7.141     -4.247     -2.894
014 013 -12.385     -6.316     -6.069
014 014 -21.493    -10.884    -10.609
014 015 -21.895    -11.461    -10.434
014 016 -24.433    -14.549     -9.884
014 017 -22.949    -14.492     -8.457
014 018 -24.078    -16.568     -7.510
014 019 -20.514    -15.808     -4.706
014 020 -19.992    -17.144     -2.848
014 021 -14.391    -15.240      0.849
014 022 -12.436    -15.187      2.751
014 023  -6.572    -12.947      6.375
014 024  -4.170    -12.228      8.058
014 025   2.320    -10.198     12.518
014 026   5.667     -9.224     14.891
015 012  -0.659     -3.535      2.876
015 013  -7.148     -7.357      0.209
015 014 -16.953    -11.362     -5.591
015 015 -20.201    -12.396     -7.805
015 016 -24.441    -15.849     -8.592
015 017 -24.305    -15.274     -9.031
015 018 -26.337    -19.118     -7.219
015 019 -24.549    -17.411     -7.138
015 020 -24.858    -21.169     -3.689
015 021 -20.251    -17.250     -3.001
015 022 -18.996    -19.442      0.446
015 023 -14.622    -13.951     -0.671
015 024 -12.775    -16.909      4.134
015 025  -8.139    -11.503      3.364
015 026  -4.980    -14.935      9.955
015 027   1.092     -9.716     10.808
016 012   4.073     -4.148      8.221
016 013  -3.094     -8.462      5.368
016 014 -14.059    -12.524     -1.535
016 015 -19.043    -15.179     -3.864
016 016 -26.016    -17.927     -8.089
016 017 -26.586    -19.481     -7.105
016 018 -29.932    -21.793     -8.139
016 019 -28.846    -22.271     -6.575
016 020 -30.664    -23.953     -6.711
016 021 -26.896    -23.096     -3.800
016 022 -26.861    -23.833     -3.028
016 023 -23.163    -22.174     -0.989
016 024 -22.838    -22.370     -0.468
016 025 -19.009    -20.654      1.645
016 026 -17.638    -20.986      3.348
016 027 -12.195    -19.150      6.955
016 028  -9.204    -19.386     10.182
017 013   4.675     -7.266     11.941
017 014  -7.035    -12.583      5.548
017 015 -13.335    -14.038      0.703
017 016 -21.003    -19.072     -1.931
017 017 -24.440    -18.700     -5.740
017 018 -29.014    -24.230     -4.784
017 019 -29.522    -22.129     -7.393
017 020 -31.762    -27.503     -4.259
017 021 -29.798    -23.722     -6.076
017 022 -29.800    -27.547     -2.253
017 023 -27.558    -23.192     -4.366
017 024 -27.307    -26.594     -0.713
017 025 -24.832    -22.266     -2.566
017 026 -24.160    -25.927      1.767
017 027 -20.479    -21.513      1.034
017 028 -18.263    -24.896      6.633
017 029 -13.735    -18.706      4.971
018 014  -2.200    -12.629     10.429
018 015  -9.384    -17.265      7.881
018 016 -18.378    -19.828      1.450
018 017 -23.047    -22.793     -0.254
018 018 -30.232    -25.355     -4.877
018 019 -30.948    -26.748     -4.200
018 020 -34.715    -29.228     -5.487
018 021 -33.242    -29.021     -4.221
018 022 -35.040    -30.499     -4.541
018 023 -33.068    -29.391     -3.677
018 024 -34.423    -30.288     -4.135
018 025 -32.010    -29.115     -2.895
018 026 -32.673    -30.403     -2.270
018 027 -29.771    -28.699     -1.072
018 028 -29.771    -29.762     -0.009
018 029 -25.367    -26.948      1.581
018 030 -22.355    -27.018      4.663
019 016 -11.173    -21.000      9.827
019 017 -17.417    -20.797      3.380
019 018 -24.800    -27.294      2.494
019 019 -28.801    -25.617     -3.184
019 020 -33.807    -31.434     -2.373
019 021 -33.535    -28.632     -4.903
019 022 -35.560    -33.501     -2.059
019 023 -35.022    -30.106     -4.916
019 024 -36.575    -34.519     -2.056
019 025 -35.781    -31.017     -4.764
019 026 -36.616    -34.773     -1.843
019 027 -35.414    -31.552     -3.862
019 028 -35.712    -34.810     -0.902
019 029 -32.284    -30.497     -1.787
019 030 -29.611    -31.946      2.335
019 031 -25.728    -27.517      1.789
019 032 -22.515    -28.561      6.046
019 033 -17.138    -24.167      7.029
019 034 -12.296    -25.187     12.891
020 016  -6.451    -20.012     13.561
020 017 -13.136    -25.274     12.138
020 018 -22.059    -27.136      5.077
020 019 -27.283    -30.218      2.935
020 020 -34.846    -32.888     -1.958
020 021 -35.138    -33.419     -1.719
020 022 -38.547    -35.373     -3.174
020 023 -38.409    -35.825     -2.584
020 024 -41.469    -36.681     -4.788
020 025 -40.812    -36.750     -4.062
020 026 -43.140    -37.881     -5.259
020 027 -42.345    -37.183     -5.162
020 028 -44.225    -38.265     -5.960
020 029 -41.300    -36.523     -4.777
020 030 -39.589    -36.659     -2.930
020 031 -36.332    -34.258     -2.074
020 032 -34.266    -34.657      0.391
020 033 -29.388    -32.034      2.646
020 034 -25.161    -32.424      7.263
020 035 -18.650    -29.266     10.616
020 036 -13.510    -29.570     16.060
021 018 -14.173    -28.109     13.936
021 019 -20.523    -27.385      6.862
021 020 -28.642    -33.469      4.827
021 021 -32.121    -31.757     -0.364
021 022 -36.188    -36.855      0.667
021 023 -37.816    -34.602     -3.214
021 024 -41.072    -39.351     -1.721
021 025 -41.762    -36.805     -4.957
021 026 -44.337    -40.718     -3.619
021 027 -44.504    -38.374     -6.130
021 028 -46.562    -41.627     -4.935
021 029 -44.537    -38.429     -6.108
021 030 -43.250    -40.349     -2.901
021 031 -40.524    -37.033     -3.491
021 032 -38.770    -38.285     -0.485
021 033 -34.438    -34.721      0.283
021 034 -30.842    -35.605      4.763
021 035 -25.516    -32.045      6.529
021 036 -21.380    -32.917     11.537
021 037 -15.480    -28.744     13.264
021 038 -10.830    -29.824     18.994
022 018  -8.993    -27.385     18.392
022 019 -15.698    -30.033     14.335
022 020 -25.104    -34.287      9.183
022 021 -29.316    -34.669      5.353
022 022 -37.549    -38.118      0.569
022 023 -39.010    -37.716     -1.294
022 024 -44.128    -40.452     -3.676
022 025 -44.938    -39.989     -4.949
022 026 -48.493    -43.057     -5.436
022 027 -48.564    -41.813     -6.751
022 028 -51.432    -44.883     -6.549
022 029 -49.733    -42.347     -7.386
022 030 -49.478    -43.640     -5.838
022 031 -46.881    -40.845     -6.036
022 032 -45.744    -42.412     -3.332
022 033 -41.832    -39.284     -2.548
022 034 -39.423    -40.578      1.155
022 035 -34.402    -37.621      3.219
022 036 -30.918    -38.729      7.811
022 038 -22.100    -36.350     14.250
023 020 -17.916    -34.117     16.201
023 021 -23.808    -33.327      9.519
023 022 -31.886    -38.506      6.620
023 023 -37.076    -36.887     -0.189
023 024 -42.007    -41.807     -0.200
023 025 -44.478    -40.185     -4.293
023 026 -47.962    -44.348     -3.614
023 027 -49.223    -42.730     -6.493
023 028 -52.203    -46.346     -5.857
023 029 -51.443    -44.062     -7.381
023 030 -51.852    -46.516     -5.336
023 031 -49.898    -43.893     -6.005
023 032 -49.125    -45.729     -3.396
023 033 -46.183    -42.765     -3.418
023 034 -44.435    -43.684     -0.751
023 035 -40.431    -40.659      0.228
023 036 -37.611    -41.334      3.723
023 037 -33.087    -38.021      4.934
023 038 -30.177    -38.841      8.664
023 039 -25.213    -35.196      9.983
023 040 -21.740    -35.446     13.706
024 020 -13.422    -34.528     21.106
024 021 -19.515    -36.133     16.618
024 022 -29.472    -39.536     10.064
024 023 -34.563    -40.078      5.515
024 024 -42.821    -43.124      0.303
024 025 -45.332    -43.296     -2.036
024 026 -50.261    -46.843     -3.418
024 027 -51.451    -46.063     -5.388
024 028 -55.420    -50.028     -5.392
024 029 -55.288    -47.549     -7.739
024 030 -56.935    -49.845     -7.090
024 031 -55.110    -47.749     -7.361
024 032 -55.285    -49.067     -6.218
024 033 -52.525    -46.984     -5.541
024 034 -51.992    -48.110     -3.882
024 035 -48.116    -45.740     -2.376
024 036 -46.909    -46.647     -0.262
024 037 -42.497    -44.054      1.557
024 038 -40.853    -44.976      4.123
024 039 -36.178    -42.566      6.388
024 040 -33.640    -42.031      8.391
025 021 -12.418    -33.459     21.041
025 022 -22.566    -38.968     16.402
025 023 -29.297    -38.063      8.766
025 024 -37.620    -43.372      5.752
025 025 -42.627    -42.337     -0.290
025 026 -48.243    -46.823     -1.420
025 027 -50.711    -45.748     -4.963
025 028 -54.690    -49.681     -5.009
025 029 -55.558    -48.043     -7.515
025 030 -57.713    -50.743     -6.970
025 031 -56.912    -49.205     -7.707
025 032 -57.486    -51.283     -6.203
025 033 -55.828    -49.389     -6.439
025 034 -55.525    -51.053     -4.472
025 035 -52.968    -48.769     -4.199
025 036 -51.742    -49.919     -1.823
025 037 -48.524    -47.205     -1.319
025 038 -46.887    -48.187      1.300
025 039 -42.989    -45.371      2.382
025 040 -40.967    -45.257      4.290
025 041 -36.750    -40.965      4.215
026 022 -18.009    -39.181     21.172
026 023 -24.751    -39.737     14.986
026 024 -34.476    -43.708      9.232
026 025 -40.189    -43.900      3.711
026 026 -48.332    -48.276     -0.056
026 027 -50.947    -47.452     -3.495
026 028 -56.255    -52.035     -4.220
026 029 -57.481    -49.685     -7.796
026 030 -60.607    -53.110     -7.497
026 031 -60.182    -50.641     -9.541
026 032 -62.155    -54.025     -8.130
026 033 -60.665    -51.995     -8.670
026 034 -61.413    -53.930     -7.483
026 035 -58.921    -52.779     -6.142
026 036 -58.878    -53.814     -5.064
026 037 -55.636    -52.562     -3.074
026 038 -54.970    -53.466     -1.504
026 039 -51.218    -52.111      0.893
026 040 -50.068    -51.453      1.385
026 041 -45.708    -47.972      2.264
027 023 -17.589    -38.624     21.035
027 024 -27.342    -44.194     16.852
027 025 -34.344    -43.929      9.585
027 026 -42.659    -48.448      5.789
027 027 -48.010    -48.198      0.188
027 028 -54.030    -52.153     -1.877
027 029 -56.041    -51.350     -4.691
027 030 -59.346    -54.020     -5.326
027 031 -59.847    -53.392     -6.455
027 032 -62.230    -55.555     -6.675
027 033 -61.650    -54.602     -7.048
027 034 -62.898    -56.485     -6.413
027 035 -61.424    -55.228     -6.196
027 036 -61.852    -57.051     -4.801
027 037 -59.792    -55.075     -4.717
027 038 -59.185    -57.156     -2.029
027 039 -56.409    -54.997     -1.412
027 040 -55.322    -55.149     -0.173
027 041 -51.643    -51.805      0.162
027 042 -50.385    -52.029      1.644
027 043 -46.525    -48.267      1.742
027 044 -44.370    -48.433      4.063
028 024 -22.560    -43.724     21.164
028 025 -29.631    -45.500     15.869
028 026 -39.278    -48.885      9.607
028 027 -45.336    -49.125      3.789
028 028 -53.908    -53.329     -0.579
028 029 -56.084    -51.920     -4.164
028 030 -60.229    -55.288     -4.941
028 031 -61.157    -53.980     -7.177
028 032 -64.473    -56.971     -7.502
028 033 -64.222    -56.064     -8.158
028 034 -66.746    -58.658     -8.088
028 035 -65.513    -57.830     -7.683
028 036 -67.099    -59.858     -7.241
028 037 -65.126    -59.572     -5.554
028 038 -66.006    -60.344     -5.662
028 039 -63.743    -60.526     -3.217
028 040 -63.464    -59.364     -4.100
028 041 -59.979    -57.063     -2.916
028 042 -59.214    -56.787     -2.427
028 043 -55.406    -53.942     -1.464
028 044 -54.226    -53.861     -0.365
028 045 -50.108    -51.066      0.958
029 026 -31.635    -48.778     17.143
029 027 -38.630    -48.903     10.273
029 028 -47.309    -53.209      5.900
029 029 -51.668    -52.765      1.097
029 030 -56.358    -55.953     -0.405
029 031 -58.345    -55.685     -2.660
029 032 -61.984    -58.246     -3.738
029 033 -62.788    -57.730     -5.058
029 034 -65.580    -60.009     -5.571
029 035 -65.424    -59.263     -6.161
029 036 -67.264    -61.479     -5.785
029 037 -66.258    -60.133     -6.125
029 038 -67.320    -62.377     -4.943
029 039 -65.567    -60.896     -4.671
029 040 -65.736    -61.737     -3.999
029 041 -62.976    -58.502     -4.474
029 042 -62.711    -59.517     -3.194
029 043 -59.783    -56.085     -3.698
029 044 -58.987    -56.726     -2.261
029 045 -56.006    -53.333     -2.673
029 046 -54.470    -54.007     -0.463
029 047 -50.982    -51.034      0.052
029 048 -48.863    -52.121      3.258
029 049 -44.789    -49.372      4.583
029 050 -42.408    -50.418      8.010
030 028 -42.299    -53.897     11.598
030 029 -47.216    -52.426      5.210
030 030 -54.174    -56.013      1.839
030 031 -56.349    -54.898     -1.451
030 032 -61.168    -58.060     -3.108
030 033 -62.213    -57.369     -4.844
030 034 -66.004    -60.012     -5.992
030 035 -65.912    -59.782     -6.130
030 036 -68.899    -62.281     -6.618
030 037 -67.880    -62.059     -5.821
030 038 -70.007    -63.881     -6.126
030 039 -68.418    -64.103     -4.315
030 040 -69.565    -63.545     -6.020
030 041 -67.329    -62.250     -5.079
030 042 -68.145    -62.074     -6.071
030 043 -65.593    -59.727     -5.866
030 044 -65.757    -60.301     -5.456
030 045 -62.559    -56.980     -5.579
030 046 -62.303    -58.712     -3.591
030 047 -58.789    -54.628     -4.161
030 048 -57.483    -56.887     -0.596
030 049 -53.432    -53.665      0.233
030 050 -51.649    -55.064      3.415
030 051 -46.200    -51.097      4.897
030 052 -42.314    -50.674      8.360
031 030 -47.135    -56.055      8.920
031 031 -51.987    -56.088      4.101
031 032 -56.547    -58.879      2.332
031 033 -58.833    -58.762     -0.071
031 034 -62.657    -61.145     -1.512
031 035 -63.724    -61.159     -2.565
031 036 -66.879    -63.313     -3.566
031 037 -67.086    -62.938     -4.148
031 038 -69.328    -65.180     -4.148
031 039 -68.910    -64.119     -4.791
031 040 -70.139    -65.493     -4.646
031 041 -68.588    -63.495     -5.093
031 042 -69.699    -64.030     -5.669
031 043 -68.050    -62.220     -5.830
031 044 -68.461    -62.113     -6.348
031 045 -66.297    -60.140     -6.157
031 046 -65.992    -60.162     -5.830
031 047 -63.704    -57.947     -5.757
031 048 -62.548    -58.414     -4.134
031 049 -59.224    -56.167     -3.057
031 050 -57.628    -57.776      0.148
031 051 -52.931    -53.552      0.621
031 052 -49.257    -53.671      4.414
031 053 -44.094    -48.899      4.805
031 054 -39.744    -49.774     10.030
032 031 -46.921    -55.877      8.956
032 032 -54.316    -58.631      4.315
032 033 -56.478    -58.503      2.025
032 034 -61.607    -60.612     -0.995
032 035 -62.674    -61.046     -1.628
032 036 -66.979    -63.546     -3.433
032 037 -67.101    -63.692     -3.409
032 038 -70.562    -65.896     -4.666
032 039 -69.907    -66.434     -3.473
032 040 -72.586    -66.772     -5.814
032 041 -71.298    -65.401     -5.897
032 042 -73.422    -66.534     -6.888
032 043 -71.857    -64.697     -7.160
032 044 -73.213    -65.689     -7.524
032 045 -71.213    -63.560     -7.653
032 046 -71.862    -64.665     -7.197
032 047 -69.527    -62.472     -7.055
032 048 -69.535    -63.475     -6.060
032 049 -66.292    -61.597     -4.695
032 050 -65.415    -62.581     -2.834
032 051 -60.976    -59.251     -1.725
032 052 -58.148    -58.969      0.821
032 053 -53.123    -54.588      1.465
032 054 -49.400    -54.818      5.418
033 032 -46.937    -59.012     12.075
033 033 -52.025    -58.698      6.673
033 034 -56.587    -61.833      5.246
033 035 -58.895    -61.905      3.010
033 036 -63.112    -64.417      1.305
033 037 -64.334    -64.410      0.076
033 038 -67.893    -67.047     -0.846
033 039 -68.230    -66.380     -1.850
033 040 -70.953    -67.883     -3.070
033 041 -70.860    -66.349     -4.511
033 042 -73.034    -67.259     -5.775
033 043 -72.291    -66.251     -6.040
033 044 -73.916    -66.899     -7.017
033 045 -72.817    -65.989     -6.828
033 046 -73.636    -66.121     -7.515
033 047 -72.215    -65.039     -7.176
033 048 -72.533    -65.523     -7.010
033 049 -70.105    -63.556     -6.549
033 050 -69.669    -65.704     -3.965
033 051 -65.854    -61.322     -4.532
033 052 -63.189    -62.159     -1.030
033 053 -58.962    -57.768     -1.194
033 054 -55.618    -57.867      2.249
034 033 -46.580    -60.029     13.449
034 034 -54.189    -61.565      7.376
034 035 -56.435    -62.583      6.148
034 036 -61.930    -64.636      2.706
034 037 -63.147    -65.565      2.418
034 038 -67.868    -67.668     -0.200
034 039 -68.227    -68.636      0.409
034 040 -72.213    -69.061     -3.152
034 041 -72.169    -68.225     -3.944
034 042 -75.252    -69.307     -5.945
034 043 -74.600    -68.447     -6.153
034 044 -77.026    -69.814     -7.212
034 045 -75.917    -68.859     -7.058
034 046 -77.759    -70.304     -7.455
034 047 -76.389    -69.190     -7.199
034 048 -77.594    -70.063     -7.531
034 049 -75.341    -69.019     -6.322
034 050 -75.948    -69.931     -6.017
034 051 -72.414    -67.765     -4.649
034 052 -70.503    -66.916     -3.587
034 053 -66.426    -63.928     -2.498
034 054 -63.884    -63.739     -0.145
034 055 -58.992    -59.264      0.272
034 056 -55.800    -60.066      4.266
034 057 -50.580    -55.014      4.434
035 034 -46.259    -62.387     16.128
035 035 -51.426    -62.240     10.814
035 036 -56.502    -65.330      8.828
035 037 -59.062    -65.503      6.441
035 038 -63.646    -68.147      4.501
035 039 -65.288    -68.912      3.624
035 040 -69.107    -69.281      0.174
035 041 -70.289    -68.842     -1.447
035 042 -73.235    -69.268     -3.967
035 043 -73.452    -69.370     -4.082
035 044 -76.068    -69.999     -6.069
035 045 -75.889    -69.946     -5.943
035 046 -77.977    -71.386     -6.591
035 047 -77.499    -70.080     -7.419
035 048 -79.014    -72.209     -6.805
035 049 -77.783    -69.725     -8.058
035 050 -78.575    -72.769     -5.806
035 051 -75.632    -68.518     -7.114
035 052 -73.892    -69.542     -4.350
035 053 -70.716    -66.102     -4.614
035 054 -68.274    -66.175     -2.099
035 055 -64.000    -63.424     -0.576
035 056 -61.107    -62.440      1.333
035 057 -56.233    -58.552      2.319
035 058 -52.890    -58.553      5.663
036 035 -46.327    -64.717     18.390
036 036 -53.941    -66.496     12.555
036 037 -56.552    -67.674     11.122
036 038 -62.332    -69.531      7.199
036 039 -64.324    -71.218      6.894
036 040 -69.014    -71.527      2.513
036 041 -70.169    -71.453      1.284
036 042 -74.178    -72.448     -1.730
036 043 -74.442    -72.092     -2.350
036 044 -77.893    -73.505     -4.388
036 045 -77.696    -73.004     -4.692
036 046 -80.592    -74.593     -5.999
036 047 -79.991    -74.070     -5.921
036 048 -82.439    -76.017     -6.422
036 049 -81.480    -74.985     -6.495
036 050 -83.266    -77.069     -6.197
036 051 -80.710    -74.462     -6.248
036 052 -79.691    -74.272     -5.419
036 053 -76.536    -71.941     -4.595
036 054 -74.959    -71.672     -3.287
036 055 -70.974    -68.846     -2.128
036 056 -68.769    -68.871      0.102
036 057 -64.136    -65.238      1.102
036 058 -61.348    -65.731      4.383
036 059 -56.159    -61.591      5.432
036 060 -53.082    -62.440      9.358
036 061 -47.424    -58.049     10.625
037 036 -46.012    -66.192     20.180
037 037 -51.916    -67.976     16.060
037 038 -57.219    -69.476     12.257
037 039 -60.479    -71.789     11.310
037 040 -64.830    -70.913      6.083
037 041 -66.935    -71.844      4.909
037 042 -70.803    -71.350      0.547
037 043 -72.175    -72.160     -0.015
037 044 -75.457    -72.727     -2.730
037 045 -76.188    -72.894     -3.294
037 046 -79.071    -74.650     -4.421
037 047 -79.759    -73.496     -6.263
037 048 -82.167    -76.450     -5.717
037 049 -82.747    -73.933     -8.814
037 050 -84.598    -78.452     -6.146
037 051 -82.609    -74.075     -8.534
037 052 -81.712    -76.678     -5.034
037 053 -79.366    -73.249     -6.117
037 054 -77.745    -73.952     -3.793
037 055 -74.772    -71.631     -3.141
037 056 -72.620    -70.710     -1.910
037 057 -68.563    -68.712      0.149
037 058 -65.890    -67.050      1.160
037 059 -61.354    -64.784      3.430
037 060 -58.519    -63.540      5.021
037 061 -54.369    -60.521      6.152
037 062 -51.121    -60.542      9.421
037 063 -46.266    -55.969      9.703
037 064 -42.567    -57.782     15.215
037 065 -37.252    -52.668     15.416
038 037 -46.619    -69.904     23.285
038 038 -54.248    -71.913     17.665
038 039 -57.803    -73.443     15.640
038 040 -63.174    -74.292     11.118
038 041 -65.480    -74.213      8.733
038 042 -70.311    -75.574      5.263
038 043 -71.528    -75.187      3.659
038 044 -76.010    -76.943      0.933
038 045 -76.798    -76.981      0.183
038 046 -80.650    -78.466     -2.184
038 047 -81.103    -78.680     -2.423
038 048 -84.523    -80.134     -4.389
038 049 -84.880    -80.169     -4.711
038 050 -87.922    -81.762     -6.160
038 051 -86.209    -80.457     -5.752
038 052 -85.951    -81.255     -4.696
038 053 -83.652    -79.245     -4.407
038 054 -82.867    -79.464     -3.403
038 055 -80.086    -77.056     -3.030
038 056 -78.846    -77.422     -1.424
038 057 -75.117    -74.605     -0.512
038 058 -72.918    -75.149      2.231
038 059 -68.581    -71.765      3.184
038 060 -66.422    -72.071      5.649
038 061 -62.519    -68.217      5.698
038 062 -59.818    -68.830      9.012
038 063 -55.325    -65.616     10.291
038 064 -52.159    -66.244     14.085
039 040 -57.803    -72.943     15.140
039 041 -61.148    -74.977     13.829
039 042 -65.713    -73.717      8.004
039 043 -68.064    -75.026      6.962
039 044 -72.206    -75.309      3.103
039 045 -73.894    -75.232      1.338
039 046 -77.842    -77.045     -0.797
039 047 -79.283    -76.125     -3.158
039 048 -83.018    -78.985     -4.033
039 049 -84.299    -76.853     -7.446
039 050 -87.711    -81.423     -6.288
039 051 -86.497    -77.692     -8.805
039 052 -86.351    -80.695     -5.656
039 053 -84.816    -78.296     -6.520
039 054 -84.227    -79.846     -4.381
039 055 -82.351    -78.379     -3.972
039 056 -81.208    -78.111     -3.097
039 057 -78.330    -77.361     -0.969
039 058 -76.115    -74.861     -1.254
039 059 -72.289    -74.853      2.564
039 060 -70.644    -71.642      0.998
039 061 -67.321    -71.335      4.014
039 062 -65.055    -69.233      4.178
039 063 -61.173    -67.736      6.563
039 064 -58.457    -67.121      8.664
040 041 -57.524    -73.855     16.331
040 042 -63.614    -75.276     11.662
040 043 -65.912    -75.204      9.292
040 044 -71.422    -76.705      5.283
040 045 -73.175    -77.190      4.015
040 046 -77.969    -78.447      0.478
040 047 -79.347    -79.112     -0.235
040 048 -83.629    -80.454     -3.175
040 049 -84.878    -80.860     -4.018
040 050 -88.773    -82.355     -6.418
040 051 -87.896    -81.617     -6.279
040 052 -88.459    -82.428     -6.031
040 053 -87.122    -81.266     -5.856
040 054 -87.269    -82.368     -4.901
040 055 -85.660    -80.571     -5.089
040 056 -85.439    -81.618     -3.821
040 057 -82.937    -79.008     -3.929
040 058 -81.282    -79.979     -1.303
040 059 -77.617    -76.865     -0.752
040 060 -76.373    -77.737      1.364
040 061 -73.161    -74.565      1.404
040 062 -71.581    -74.858      3.277
040 063 -67.809    -72.274      4.465
040 064 -65.718    -72.135      6.417
040 065 -61.458    -70.463      9.005
041 042 -57.613    -70.874     13.261
041 043 -61.194    -71.990     10.796
041 044 -66.280    -72.621      6.341
041 045 -69.134    -73.239      4.105
041 046 -73.874    -74.961      1.087
041 047 -76.172    -74.252     -1.920
041 048 -80.626    -77.089     -3.537
041 049 -82.662    -75.171     -7.491
041 050 -86.638    -79.253     -7.385
041 051 -86.453    -76.239    -10.214
041 052 -87.213    -78.938     -8.275
041 053 -86.369    -77.695     -8.674
041 054 -86.786    -78.650     -8.136
041 055 -85.603    -78.781     -6.822
041 056 -85.603    -78.170     -7.433
041 057 -83.525    -79.095     -4.430
041 058 -82.335    -77.577     -4.758
041 059 -79.791    -77.923     -1.868
041 060 -78.891    -75.084     -3.807
041 061 -76.298    -75.765     -0.533
041 062 -75.029    -73.000     -2.029
041 063 -71.811    -72.503      0.692
041 064 -69.916    -71.111      1.195
041 065 -66.203    -69.088      2.885
041 066 -63.724    -69.787      6.063
041 067 -59.545    -64.998      5.453
041 068 -56.690    -65.982      9.292
041 069 -52.310    -59.876      7.566
042 043 -57.510    -72.128     14.618
042 044 -64.111    -73.684      9.573
042 045 -66.885    -73.881      6.996
042 046 -72.687    -75.775      3.088
042 047 -75.015    -75.963      0.948
042 048 -80.173    -78.118     -2.055
042 049 -82.209    -77.913     -4.296
042 050 -86.809    -80.402     -6.407
042 051 -86.807    -78.908     -7.899
042 052 -88.414    -80.532     -7.882
042 053 -87.712    -79.025     -8.687
042 054 -88.795    -80.766     -8.029
042 055 -87.545    -79.192     -8.353
042 056 -88.116    -81.210     -6.906
042 057 -85.970    -79.170     -6.800
042 058 -86.193    -81.149     -5.044
042 059 -83.520    -78.747     -4.773
042 060 -83.561    -79.844     -3.717
042 061 -80.954    -77.608     -3.346
042 062 -80.344    -77.963     -2.381
042 063 -77.331    -76.412     -0.919
042 064 -76.128    -75.790     -0.338
042 065 -72.545    -74.791      2.246
042 066 -70.749    -73.895      3.146
042 067 -66.659    -71.856      5.197
042 068 -64.536    -70.248      5.712
042 069 -59.940    -67.162      7.222
043 044 -57.690    -70.555     12.865
043 045 -61.670    -71.901     10.231
043 046 -67.395    -72.527      5.132
043 047 -70.725    -73.185      2.460
043 048 -75.987    -74.902     -1.085
043 049 -78.926    -74.141     -4.785
043 050 -83.606    -77.318     -6.288
043 051 -84.158    -75.487     -8.671
043 052 -86.021    -77.345     -8.676
043 053 -85.822    -77.280     -8.542
043 054 -87.224    -77.335     -9.889
043 055 -86.432    -78.622     -7.810
043 056 -87.328    -77.581     -9.747
043 057 -86.021    -79.683     -6.338
043 058 -86.345    -78.268     -8.077
043 059 -84.573    -80.113     -4.460
043 060 -84.604    -78.505     -6.099
043 061 -82.499    -79.136     -3.363
043 062 -82.286    -77.645     -4.641
043 063 -79.776    -77.469     -2.307
043 064 -78.750    -76.170     -2.580
043 065 -75.923    -74.920     -1.003
043 066 -74.283    -74.808      0.525
043 067 -71.035    -71.308      0.273
043 068 -69.025    -71.045      2.020
043 069 -65.259    -66.227      0.968
043 070 -62.812    -67.354      4.542
043 071 -58.600    -61.762      3.162
044 045 -58.369    -71.241     12.872
044 046 -64.884    -73.464      8.580
044 047 -68.240    -73.332      5.092
044 048 -74.301    -75.842      1.541
044 049 -77.217    -75.556     -1.661
044 050 -82.584    -78.390     -4.194
044 051 -83.458    -76.788     -6.670
044 052 -86.080    -78.545     -7.535
044 053 -86.121    -77.062     -9.059
044 054 -88.225    -79.206     -9.019
044 055 -87.625    -77.630     -9.995
044 056 -89.227    -80.000     -9.227
044 057 -87.958    -78.404     -9.554
044 058 -89.106    -80.704     -8.402
044 059 -87.267    -79.390     -7.877
044 060 -88.096    -81.355     -6.741
044 061 -85.935    -80.202     -5.733
044 062 -86.323    -80.941     -5.382
044 063 -83.863    -80.212     -3.651
044 064 -83.661    -79.992     -3.669
044 065 -80.738    -79.482     -1.256
044 066 -80.073    -78.854     -1.219
044 067 -76.785    -76.900      0.115
044 068 -75.631    -74.952     -0.679
044 069 -71.868    -72.533      0.665
044 070 -70.221    -71.705      1.484
044 071 -66.105    -68.254      2.149
044 072 -64.069    -69.502      5.433
044 073 -59.490    -65.196      5.706
045 047 -62.999    -72.293      9.294
045 048 -69.012    -73.005      3.993
045 049 -72.908    -73.631      0.723
045 050 -78.341    -75.540     -2.801
045 051 -79.688    -75.068     -4.620
045 052 -82.598    -75.702     -6.896
045 053 -83.175    -76.914     -6.261
045 054 -85.585    -76.426     -9.159
045 055 -85.591    -78.529     -7.062
045 056 -87.412    -77.487     -9.925
045 057 -86.783    -79.929     -6.854
045 058 -88.032    -78.665     -9.367
045 059 -86.959    -81.188     -5.771
045 060 -87.851    -79.910     -7.941
045 061 -86.363    -81.839     -4.524
045 062 -86.864    -80.718     -6.146
045 063 -85.031    -81.384     -3.647
045 064 -84.999    -80.736     -4.263
045 065 -82.829    -80.311     -2.518
045 066 -82.304    -80.148     -2.156
045 067 -79.731    -77.880     -1.851
045 068 -78.767    -76.471     -2.296
045 069 -75.710    -73.488     -2.222
045 070 -74.229    -73.172     -1.057
045 071 -70.736    -69.329     -1.407
045 072 -68.897    -70.769      1.872
045 073 -64.887    -66.367      1.480
045 074 -62.823    -68.773      5.950
045 076 -56.250    -67.292     11.042
046 046 -54.779    -71.567     16.788
046 047 -58.982    -71.512     12.530
046 048 -66.102    -73.943      7.841
046 049 -69.966    -73.488      3.522
046 050 -76.183    -76.518      0.335
046 051 -77.806    -74.907     -2.899
046 052 -81.321    -77.092     -4.229
046 053 -82.183    -75.856     -6.327
046 054 -85.213    -78.196     -7.017
046 055 -85.432    -76.758     -8.674
046 056 -87.903    -79.503     -8.400
046 057 -87.457    -77.804     -9.653
046 058 -89.395    -80.724     -8.671
046 059 -88.418    -79.298     -9.120
046 060 -89.908    -81.701     -8.207
046 061 -88.373    -81.094     -7.279
046 062 -89.524    -82.689     -6.835
046 063 -87.606    -82.977     -4.629
046 064 -88.331    -82.999     -5.332
046 065 -85.986    -83.834     -2.152
046 066 -86.321    -82.992     -3.329
046 067 -83.590    -82.069     -1.521
046 068 -83.490    -80.155     -3.335
046 069 -80.426    -77.989     -2.437
046 070 -79.831    -77.296     -2.535
046 071 -76.424    -73.992     -2.432
046 072 -75.388    -74.292     -1.096
046 073 -71.407    -71.034     -0.373
046 074 -70.280    -71.675      1.395
046 075 -66.182    -68.537      2.355
046 076 -64.616    -69.201      4.585
046 077 -60.430    -67.253      6.823
047 049 -64.512    -72.946      8.434
047 050 -70.904    -74.785      3.881
047 051 -73.066    -74.576      1.510
047 052 -76.712    -75.470     -1.242
047 053 -78.138    -76.531     -1.607
047 054 -81.334    -76.693     -4.641
047 055 -82.247    -78.752     -3.495
047 056 -84.803    -78.057     -6.746
047 057 -85.116    -80.316     -4.800
047 058 -87.071    -79.524     -7.547
047 059 -86.942    -81.854     -5.088
047 060 -88.407    -80.938     -7.469
047 061 -87.607    -83.079     -4.528
047 062 -88.719    -82.597     -6.122
047 063 -87.457    -84.008     -3.449
047 064 -88.215    -83.786     -4.429
047 065 -86.584    -84.123     -2.461
047 066 -87.027    -84.117     -2.910
047 067 -84.931    -82.351     -2.580
047 068 -84.983    -81.177     -3.806
047 069 -82.543    -79.320     -3.223
047 070 -82.182    -78.390     -3.792
047 071 -79.554    -76.360     -3.194
047 072 -78.646    -76.129     -2.517
047 073 -75.652    -73.742     -1.910
047 074 -74.403    -73.999     -0.404
047 075 -71.106    -71.800      0.694
047 076 -69.569    -72.137      2.568
047 077 -66.230    -69.835      3.605
047 078 -64.520    -71.017      6.497
048 049 -60.734    -71.727     10.993
048 050 -67.636    -75.794      8.158
048 051 -69.931    -73.411      3.480
048 052 -74.195    -76.856      2.661
048 053 -75.836    -74.791     -1.045
048 054 -79.660    -78.065     -1.595
048 055 -80.652    -76.191     -4.461
048 056 -83.968    -79.663     -4.305
048 057 -84.334    -77.835     -6.499
048 058 -87.132    -81.261     -5.871
048 059 -86.990    -79.735     -7.255
048 060 -89.252    -82.691     -6.561
048 061 -88.504    -81.878     -6.626
048 062 -90.348    -84.088     -6.260
048 063 -89.252    -84.152     -5.100
048 064 -90.575    -85.257     -5.318
048 065 -89.043    -86.401     -2.642
048 066 -90.015    -86.380     -3.635
048 067 -88.084    -86.116     -1.968
048 068 -88.712    -84.352     -4.360
048 069 -86.418    -82.973     -3.445
048 070 -86.702    -82.347     -4.355
048 071 -83.977    -79.913     -4.064
048 072 -83.957    -80.273     -3.684
048 073 -81.074    -77.313     -3.761
048 074 -80.612    -77.631     -2.981
048 075 -77.414    -74.888     -2.526
048 076 -76.699    -74.938     -1.761
048 077 -73.348    -72.859     -0.489
048 078 -72.256    -73.309      1.053
048 079 -68.741    -72.094      3.353
048 080 -67.238    -71.904      4.666
048 081 -63.122    -71.488      8.366
048 082 -61.118    -71.506     10.388
048 083 -55.212    -68.355     13.143
048 084 -50.465    -66.300     15.835
049 051 -64.178    -75.341     11.163
049 052 -68.545    -76.193      7.648
049 053 -70.695    -77.076      6.381
049 054 -74.632    -77.677      3.045
049 055 -76.183    -78.830      2.647
049 056 -79.641    -79.171     -0.470
049 057 -80.608    -80.521     -0.087
049 058 -83.567    -80.740     -2.827
049 059 -84.120    -81.925     -2.195
049 060 -86.490    -82.424     -4.066
049 061 -86.470    -83.299     -3.171
049 062 -88.392    -84.096     -4.296
049 063 -87.990    -84.859     -3.131
049 064 -89.367    -85.745     -3.622
049 065 -88.570    -86.429     -2.141
049 066 -89.536    -86.784     -2.752
049 067 -88.250    -86.046     -2.204
049 068 -88.943    -84.844     -4.099
049 069 -87.228    -83.440     -3.788
049 070 -87.699    -82.344     -5.355
049 071 -85.728    -81.178     -4.550
049 072 -85.835    -80.467     -5.368
049 073 -83.571    -79.259     -4.312
049 074 -83.429    -78.560     -4.869
049 075 -80.868    -77.825     -3.043
049 076 -80.412    -77.134     -3.278
049 077 -77.809    -76.431     -1.378
049 078 -76.880    -76.180     -0.700
049 079 -74.190    -75.373      1.183
049 080 -72.835    -75.442      2.607
049 081 -69.907    -74.071      4.164
049 082 -68.024    -74.357      6.333
049 083 -62.412    -70.833      8.421
050 050 -57.148    -75.764     18.616
050 051 -60.306    -72.640     12.334
050 052 -64.935    -77.181     12.246
050 054 -71.627    -78.709      7.082
050 055 -73.338    -76.332      2.994
050 056 -77.354    -80.248      2.894
050 057 -78.512    -78.496     -0.016
050 058 -82.070    -82.046     -0.024
050 059 -82.630    -80.600     -2.030
050 060 -85.842    -83.789     -2.053
050 061 -85.939    -82.758     -3.181
050 062 -88.655    -85.317     -3.338
050 063 -88.328    -84.823     -3.505
050 064 -90.560    -86.913     -3.647
050 065 -90.034    -87.184     -2.850
050 066 -91.526    -88.231     -3.295
050 067 -90.398    -87.512     -2.886
050 068 -91.653    -87.223     -4.430
050 069 -90.065    -85.801     -4.264
050 070 -91.098    -86.256     -4.842
050 071 -89.197    -83.854     -5.343
050 072 -89.940    -85.230     -4.710
050 073 -87.815    -82.464     -5.351
050 074 -88.231    -83.519     -4.712
050 075 -85.894    -80.645     -5.249
050 076 -86.015    -81.168     -4.847
050 077 -83.470    -78.939     -4.531
050 078 -83.361    -79.482     -3.879
050 079 -80.591    -77.304     -3.287
050 080 -80.132    -78.587     -1.545
050 081 -77.265    -77.228     -0.037
050 082 -76.547    -77.934      1.387
050 083 -70.874    -74.587      3.713
050 084 -66.434    -72.861      6.427
050 085 -60.632    -69.355      8.723
051 054 -64.015    -76.652     12.637
051 055 -66.473    -77.252     10.779
051 056 -70.653    -78.263      7.610
051 057 -72.445    -79.264      6.819
051 058 -76.251    -79.948      3.697
051 059 -77.450    -81.003      3.553
051 060 -80.837    -81.710      0.873
051 061 -81.599    -82.676      1.077
051 062 -84.417    -83.628     -0.789
051 063 -84.497    -84.493     -0.004
051 064 -87.003    -85.617     -1.386
051 065 -86.822    -86.371     -0.451
051 066 -88.640    -87.399     -1.241
051 067 -87.996    -86.598     -1.398
051 068 -89.476    -86.418     -3.058
051 069 -88.417    -85.588     -2.829
051 070 -89.599    -84.786     -4.813
051 071 -88.334    -84.444     -3.890
051 072 -89.223    -83.292     -5.931
051 073 -87.619    -83.006     -4.613
051 074 -88.255    -81.921     -6.334
051 075 -86.393    -81.889     -4.504
051 076 -86.698    -80.535     -6.163
051 077 -84.630    -81.040     -3.590
051 078 -84.629    -79.839     -4.790
051 079 -82.286    -80.217     -2.069
051 080 -81.981    -79.537     -2.444
051 081 -79.635    -79.517     -0.118
051 082 -78.924    -78.888     -0.036
051 083 -74.019    -76.518      2.499
051 084 -69.690    -74.931      5.241
051 085 -64.507    -71.502      6.995
051 086 -60.060    -70.054      9.994
052 052 -49.627    -73.291     23.664
052 053 -52.812    -72.409     19.597
052 054 -58.220    -75.316     17.096
052 056 -65.782    -77.335     11.553
052 057 -67.715    -76.406      8.691
052 058 -72.230    -79.500      7.270
052 059 -73.587    -78.450      4.863
052 060 -77.568    -81.354      3.786
052 061 -78.347    -80.594      2.247
052 062 -81.890    -82.967      1.077
052 063 -82.063    -83.036      0.973
052 064 -85.264    -84.512     -0.752
052 065 -85.095    -85.489      0.394
052 066 -87.691    -86.211     -1.480
052 067 -87.183    -86.088     -1.095
052 068 -89.362    -85.808     -3.554
052 069 -88.543    -84.803     -3.740
052 070 -90.313    -85.229     -5.084
052 071 -89.171    -83.572     -5.599
052 072 -90.524    -84.555     -5.969
052 073 -89.022    -82.536     -6.486
052 074 -90.064    -83.632     -6.432
052 075 -88.281    -81.391     -6.890
052 076 -88.994    -82.380     -6.614
052 077 -87.005    -80.388     -6.617
052 078 -87.353    -81.422     -5.931
052 079 -85.211    -79.698     -5.513
052 080 -85.188    -80.834     -4.354
052 081 -82.937    -79.781     -3.156
052 082 -82.534    -80.588     -1.946
052 083 -77.729    -78.120      0.391
052 084 -74.425    -76.201      1.776
052 085 -69.304    -73.557      4.253
052 086 -65.696    -71.855      6.159
052 087 -60.205    -68.903      8.698
052 088 -56.367    -67.836     11.469
053 056 -57.673    -75.112     17.439
053 057 -60.468    -76.574     16.106
053 058 -64.954    -76.918     11.964
053 059 -67.063    -78.876     11.813
053 060 -71.120    -78.680      7.560
053 061 -72.639    -81.112      8.473
053 062 -76.338    -80.615      4.277
053 063 -77.421    -83.040      5.619
053 064 -80.439    -82.785      2.346
053 065 -80.971    -84.821      3.850
053 066 -83.778    -84.900      1.122
053 067 -83.747    -85.528      1.781
053 068 -86.246    -84.429     -1.817
053 069 -86.079    -85.177     -0.902
053 070 -87.943    -83.784     -4.159
053 071 -87.365    -84.617     -2.748
053 072 -88.836    -83.120     -5.716
053 073 -87.910    -84.297     -3.613
053 074 -88.983    -82.454     -6.529
053 075 -87.738    -83.896     -3.842
053 076 -88.507    -82.060     -6.447
053 077 -86.936    -83.497     -3.439
053 078 -87.443    -82.401     -5.042
053 079 -85.703    -83.074     -2.629
053 080 -85.857    -82.621     -3.236
053 081 -84.043    -82.699     -1.344
053 082 -83.779    -82.598     -1.181
053 083 -79.545    -80.710      1.165
053 084 -76.356    -79.094      2.738
053 085 -71.980    -76.176      4.196
053 086 -68.471    -75.079      6.608
053 087 -63.606    -71.010      7.404
053 088 -59.927    -70.000     10.073
053 089 -54.803    -65.463     10.660
054 054 -42.632    -71.879     29.247
054 055 -46.170    -72.730     26.560
054 056 -51.923    -74.100     22.177
054 058 -60.026    -76.519     16.493
054 059 -62.204    -76.294     14.090
054 060 -67.086    -78.723     11.637
054 061 -68.657    -78.277      9.620
054 062 -73.047    -80.716      7.669
054 063 -74.185    -80.777      6.592
054 064 -78.079    -82.590      4.511
054 065 -78.794    -83.470      4.676
054 066 -82.172    -84.412      2.240
054 067 -82.481    -84.245      1.764
054 068 -85.355    -83.967     -1.388
054 069 -85.248    -83.049     -2.199
054 070 -87.667    -83.607     -4.060
054 071 -87.199    -81.905     -5.294
054 072 -89.146    -83.175     -5.971
054 073 -88.321    -81.406     -6.915
054 074 -89.861    -83.042     -6.819
054 075 -88.696    -81.473     -7.223
054 076 -89.880    -82.846     -7.034
054 077 -88.414    -81.470     -6.944
054 078 -89.279    -82.440     -6.839
054 079 -87.644    -81.904     -5.740
054 080 -88.126    -82.331     -5.795
054 081 -86.413    -82.374     -4.039
054 082 -86.429    -83.044     -3.385
054 083 -82.383    -80.886     -1.497
054 084 -79.972    -79.973      0.001
054 085 -75.645    -77.417      1.772
054 086 -72.986    -76.324      3.338
054 087 -68.197    -73.493      5.296
054 088 -65.230    -72.140      6.910
054 089 -60.203    -69.610      9.407
054 090 -56.872    -67.823     10.951
054 091 -51.493    -65.778     14.285
054 092 -47.955    -63.002     15.047
055 058 -51.765    -74.133     22.368
055 059 -54.686    -76.812     22.126
055 062 -66.493    -77.806     11.313
055 063 -68.409    -80.817     12.408
055 064 -72.305    -79.636      7.331
055 065 -73.889    -82.927      9.038
055 066 -77.102    -82.212      5.110
055 067 -78.145    -83.779      5.634
055 068 -81.044    -81.515      0.471
055 069 -81.741    -83.667      1.926
055 070 -84.090    -81.449     -2.641
055 071 -84.351    -83.625     -0.726
055 072 -86.240    -81.660     -4.580
055 073 -85.932    -83.363     -2.569
055 074 -87.499    -81.776     -5.723
055 075 -86.900    -83.141     -3.759
055 076 -88.056    -82.161     -5.895
055 077 -87.153    -83.537     -3.616
055 078 -88.071    -82.622     -5.449
055 079 -86.891    -83.879     -3.012
055 080 -87.582    -83.975     -3.607
055 081 -86.339    -84.353     -1.986
055 082 -86.546    -85.202     -1.344
055 083 -82.887    -83.405      0.518
055 084 -80.701    -82.687      1.986
055 085 -77.050    -79.847      2.797
055 086 -74.477    -79.718      5.241
055 087 -70.515    -75.073      4.558
055 088 -67.676    -75.405      7.729
055 089 -63.271    -70.071      6.800
055 090 -60.054    -69.602      9.548
055 091 -55.310    -65.100      9.790
055 092 -51.920    -63.805     11.885
055 093 -46.911    -60.103     13.192
056 058 -45.905    -73.738     27.833
056 061 -57.458    -76.138     18.680
056 063 -64.590    -78.291     13.701
056 064 -68.889    -80.365     11.476
056 065 -70.745    -80.934     10.189
056 066 -74.609    -82.433      7.824
056 067 -75.655    -81.881      6.226
056 068 -79.090    -82.125      3.035
056 069 -79.669    -81.238      1.569
056 070 -82.670    -82.080     -0.590
056 071 -82.818    -80.644     -2.174
056 072 -85.369    -81.952     -3.417
056 073 -85.061    -80.287     -4.774
056 074 -87.257    -82.193     -5.064
056 075 -86.679    -80.276     -6.403
056 076 -88.435    -83.015     -5.420
056 077 -87.554    -80.638     -6.916
056 078 -88.950    -83.363     -5.587
056 079 -87.851    -81.359     -6.492
056 080 -88.887    -83.211     -5.676
056 081 -87.721    -82.521     -5.200
056 082 -88.262    -83.940     -4.322
056 083 -84.914    -82.097     -2.817
056 084 -83.268    -82.379     -0.889
056 085 -79.732    -80.296      0.564
056 086 -77.842    -79.739      1.897
056 087 -73.937    -77.433      3.496
056 088 -71.767    -76.603      4.836
056 089 -67.516    -73.862      6.346
056 090 -64.866    -72.698      7.832
056 091 -60.264    -69.809      9.545
056 092 -57.545    -68.053     10.508
056 093 -52.831    -65.624     12.793
056 094 -49.890    -62.750     12.860
057 067 -70.259    -81.479     11.220
057 068 -73.759    -78.191      4.432
057 069 -74.973    -81.042      6.069
057 070 -77.896    -78.382      0.486
057 071 -78.625    -80.981      2.356
057 072 -81.324    -78.992     -2.332
057 073 -81.627    -81.088     -0.539
057 074 -83.769    -79.669     -4.100
057 075 -83.724    -81.340     -2.384
057 076 -85.494    -80.318     -5.176
057 077 -85.219    -81.919     -3.300
057 078 -86.643    -81.601     -5.042
057 079 -86.037    -82.640     -3.397
057 080 -87.141    -83.290     -3.851
057 081 -86.513    -83.842     -2.671
057 082 -87.222    -85.317     -1.905
057 083 -84.312    -83.991     -0.321
057 084 -82.930    -83.520      0.590
057 085 -80.024    -82.419      2.395
057 086 -78.171    -82.111      3.940
057 087 -74.850    -78.611      3.761
057 088 -72.835    -79.272      6.437
057 089 -69.221    -74.923      5.702
057 090 -66.678    -74.390      7.712
057 091 -62.709    -69.881      7.172
057 092 -60.220    -68.580      8.360
057 093 -56.311    -65.001      8.690
057 094 -53.310    -64.204     10.894
058 068 -70.821    -79.788      8.967
058 069 -71.979    -79.039      7.060
058 070 -75.534    -80.154      4.620
058 071 -76.288    -78.704      2.416
058 072 -79.423    -80.469      1.046
058 073 -79.708    -78.554     -1.154
058 074 -82.469    -81.007     -1.462
058 075 -82.418    -78.397     -4.021
058 076 -84.833    -81.697     -3.136
058 077 -84.616    -78.340     -6.276
058 078 -86.509    -82.123     -4.386
058 079 -85.919    -79.048     -6.871
058 080 -87.566    -82.219     -5.347
058 081 -86.958    -80.493     -6.465
058 082 -88.074    -82.815     -5.259
058 083 -85.431    -80.841     -4.590
058 084 -84.533    -82.228     -2.305
058 085 -81.606    -79.614     -1.992
058 086 -80.432    -81.531      1.099
058 087 -77.067    -78.454      1.387
058 088 -75.626    -80.119      4.493
058 089 -72.014    -75.751      3.737
058 090 -70.398    -77.234      6.836
058 091 -66.670    -71.898      5.228
058 092 -64.847    -73.348      8.501
058 093 -61.225    -67.757      6.532
059 069 -66.331    -77.735     11.404
059 070 -69.774    -74.675      4.901
059 071 -71.175    -77.188      6.013
059 072 -74.301    -75.454      1.153
059 073 -75.227    -77.301      2.074
059 074 -77.938    -76.159     -1.779
059 075 -78.528    -77.517     -1.011
059 076 -80.936    -77.264     -3.672
059 077 -81.340    -77.821     -3.519
059 078 -83.202    -79.167     -4.035
059 079 -83.129    -78.545     -4.584
059 080 -84.829    -81.740     -3.089
059 081 -84.686    -80.010     -4.676
059 082 -86.015    -84.198     -1.817
059 083 -83.786    -80.879     -2.907
059 084 -83.068    -82.985     -0.083
059 085 -80.751    -80.860      0.109
059 086 -79.626    -82.060      2.434
059 087 -76.673    -79.314      2.641
059 088 -75.444    -80.872      5.428
059 089 -72.535    -76.991      4.456
059 090 -71.039    -78.180      7.141
059 091 -68.301    -73.493      5.192
059 092 -66.780    -72.891      6.111
059 093 -63.758    -68.890      5.132
059 094 -61.568    -68.524      6.956
059 095 -57.860    -64.219      6.359
059 096 -55.415    -64.563      9.148
059 097 -51.449    -59.737      8.288
059 098 -48.435    -60.819     12.384
060 070 -66.596    -77.037     10.441
060 071 -67.768    -75.745      7.977
060 072 -71.426    -77.175      5.749
060 073 -72.332    -75.555      3.223
060 074 -75.646    -77.579      1.933
060 075 -76.214    -75.283     -0.931
060 076 -79.199    -77.964     -1.235
060 077 -79.584    -75.882     -3.702
060 078 -82.017    -78.567     -3.450
060 079 -82.017    -76.973     -5.044
060 080 -84.257    -79.039     -5.218
060 081 -84.192    -77.870     -6.322
060 082 -85.950    -80.052     -5.898
060 083 -84.002    -78.638     -5.364
060 084 -83.748    -80.101     -3.647
060 085 -81.432    -78.733     -2.699
060 086 -80.926    -81.018      0.092
060 087 -78.147    -77.645     -0.502
060 088 -77.408    -80.755      3.347
060 089 -74.376    -76.482      2.106
060 090 -73.680    -79.029      5.349
060 091 -70.943    -73.096      2.153
060 092 -70.150    -76.053      5.903
060 093 -67.330    -69.260      1.930
060 094 -65.580    -72.021      6.441
060 095 -62.284    -64.792      2.508
060 096 -60.202    -67.046      6.844
060 097 -56.494    -60.871      4.377
060 098 -53.835    -61.957      8.122
060 099 -49.724    -57.127      7.403
060 100 -46.725    -57.055     10.330
061 072 -65.408    -70.787      5.379
061 073 -66.764    -73.093      6.329
061 074 -70.062    -71.667      1.605
061 075 -71.170    -72.860      1.690
061 076 -74.073    -73.057     -1.016
061 077 -74.914    -72.885     -2.029
061 078 -77.501    -74.584     -2.917
061 079 -78.212    -73.535     -4.677
061 080 -80.523    -76.930     -3.593
061 081 -81.142    -74.308     -6.834
061 082 -82.961    -79.528     -3.433
061 083 -81.416    -75.344     -6.072
061 084 -81.268    -79.386     -1.882
061 085 -79.454    -76.116     -3.338
061 086 -79.042    -79.287      0.245
061 087 -76.866    -76.463     -0.403
061 088 -76.064    -78.953      2.889
061 089 -73.597    -75.111      1.514
061 090 -73.386    -78.220      4.834
061 091 -71.254    -73.637      2.383
061 092 -70.648    -75.684      5.036
061 093 -68.267    -70.669      2.402
061 094 -66.940    -71.851      4.911
061 095 -64.167    -66.581      2.414
061 096 -62.297    -67.684      5.387
061 097 -59.106    -62.551      3.445
061 098 -56.554    -64.040      7.486
061 099 -52.895    -58.306      5.411
061 100 -50.087    -60.482     10.395
062 073 -62.857    -72.366      9.509
062 074 -66.811    -73.103      6.292
062 075 -67.992    -72.397      4.405
062 076 -71.498    -73.429      1.931
062 077 -72.380    -72.820      0.440
062 078 -75.456    -73.944     -1.512
062 079 -75.934    -73.699     -2.235
062 080 -78.982    -74.827     -4.155
062 081 -79.517    -74.435     -5.082
062 082 -81.966    -76.273     -5.693
062 083 -80.651    -75.488     -5.163
062 084 -80.996    -77.382     -3.614
062 085 -79.266    -75.870     -3.396
062 086 -79.336    -78.404     -0.932
062 087 -77.136    -76.037     -1.099
062 088 -77.051    -78.897      1.846
062 089 -74.576    -75.721      1.145
062 090 -74.763    -78.578      3.815
062 091 -72.560    -73.800      1.240
062 092 -72.456    -76.873      4.417
062 093 -70.191    -70.583      0.392
062 094 -69.361    -73.850      4.489
062 095 -66.678    -66.571     -0.107
062 096 -65.252    -69.773      4.521
062 097 -62.208    -62.352      0.144
062 098 -60.233    -65.027      4.794
062 099 -56.672    -58.424      1.752
062 100 -54.379    -60.362      5.983
062 101 -50.600    -55.266      4.666
062 102 -47.925    -56.208      8.283
063 074 -60.146    -67.689      7.543
063 075 -61.750    -68.249      6.499
063 076 -65.398    -68.476      3.078
063 077 -66.986    -67.856      0.870
063 078 -69.926    -69.325     -0.601
063 079 -71.309    -67.950     -3.359
063 080 -74.241    -70.993     -3.248
063 081 -75.619    -68.828     -6.791
063 082 -77.992    -73.444     -4.548
063 083 -77.118    -69.872     -7.246
063 084 -77.545    -73.754     -3.791
063 085 -76.297    -70.787     -5.510
063 086 -76.441    -73.922     -2.519
063 087 -74.792    -72.385     -2.407
063 088 -74.653    -74.818      0.165
063 089 -72.888    -72.825     -0.063
063 090 -73.367    -75.398      2.031
063 091 -71.738    -72.221      0.483
063 092 -71.818    -74.557      2.739
063 093 -70.083    -71.304      1.221
063 094 -69.459    -72.381      2.922
063 095 -67.270    -68.301      1.031
063 096 -66.043    -68.710      2.667
063 097 -63.493    -64.277      0.784
063 098 -61.792    -64.822      3.030
063 099 -58.723    -60.266      1.543
063 100 -56.574    -61.756      5.182
063 101 -53.232    -56.419      3.187
063 102 -50.729    -58.573      7.844
064 076 -61.782    -69.413      7.631
064 077 -63.224    -68.827      5.603
064 078 -66.960    -69.701      2.741
064 079 -68.231    -69.636      1.405
064 080 -71.760    -70.229     -1.531
064 081 -72.927    -70.456     -2.471
064 082 -76.086    -71.759     -4.327
064 083 -75.357    -71.285     -4.072
064 084 -76.269    -73.002     -3.267
064 085 -75.127    -72.150     -2.977
064 086 -75.764    -74.347     -1.417
064 087 -74.189    -73.044     -1.145
064 088 -74.707    -75.691      0.984
064 089 -72.883    -73.471      0.588
064 090 -73.706    -76.016      2.310
064 091 -72.070    -73.186      1.116
064 092 -72.535    -75.814      3.279
064 093 -70.824    -71.090      0.266
064 094 -70.690    -73.740      3.050
064 095 -68.562    -67.995     -0.567
064 096 -67.942    -70.454      2.512
064 097 -65.506    -64.079     -1.427
064 098 -64.281    -66.595      2.314
064 099 -61.389    -60.326     -1.063
064 100 -59.694    -62.790      3.096
064 101 -56.526    -57.070      0.544
064 102 -54.371    -59.001      4.630
064 103 -50.776    -53.874      3.098
065 075 -50.482    -64.146     13.664
065 076 -54.541    -63.705      9.164
065 077 -56.560    -63.072      6.512
065 078 -60.419    -64.836      4.417
065 079 -62.368    -63.376      1.008
065 080 -66.400    -66.343     -0.057
065 081 -67.764    -64.078     -3.686
065 082 -70.743    -68.118     -2.625
065 083 -70.537    -65.189     -5.348
065 084 -71.489    -68.127     -3.362
065 085 -71.106    -66.372     -4.734
065 086 -71.624    -68.697     -2.927
065 087 -70.717    -67.841     -2.876
065 088 -71.314    -69.820     -1.494
065 089 -70.157    -69.670     -0.487
065 090 -71.250    -71.203     -0.047
065 091 -70.091    -70.051     -0.040
065 092 -70.764    -71.921      1.157
065 093 -69.471    -69.973      0.502
065 094 -69.533    -71.223      1.690
065 095 -67.836    -68.967      1.131
065 096 -67.462    -69.047      1.585
065 097 -65.880    -65.973      0.093
065 098 -64.596    -65.569      0.973
065 099 -62.105    -62.219      0.114
065 100 -60.589    -61.795      1.206
065 101 -57.809    -58.368      0.559
065 102 -55.883    -58.686      2.803
065 103 -52.781    -55.080      2.299
066 077 -52.169    -65.337     13.168
066 078 -56.570    -65.778      9.208
066 079 -58.243    -65.933      7.690
066 080 -62.555    -66.231      3.676
066 081 -64.196    -66.831      2.635
066 082 -67.859    -67.668     -0.191
066 083 -67.694    -67.455     -0.239
066 084 -69.310    -68.537     -0.773
066 085 -68.752    -68.150     -0.602
066 086 -70.118    -69.896     -0.222
066 087 -69.143    -69.333      0.190
066 088 -70.394    -71.486      1.092
066 089 -69.156    -70.423      1.267
066 090 -70.529    -72.445      1.916
066 091 -69.425    -70.998      1.573
066 092 -70.407    -72.961      2.554
066 093 -69.167    -70.087      0.920
066 094 -69.672    -73.153      3.481
066 095 -68.055    -68.368      0.313
066 096 -68.181    -71.327      3.146
066 097 -66.381    -65.163     -1.218
066 098 -65.968    -67.836      1.868
066 099 -63.612    -61.721     -1.891
066 100 -62.584    -64.602      2.018
066 101 -59.911    -58.405     -1.506
066 102 -58.558    -61.331      2.773
066 103 -55.596    -55.554     -0.042
067 077 -44.610    -57.810     13.200
067 078 -49.120    -59.134     10.014
067 079 -51.238    -58.135      6.897
067 080 -55.757    -60.721      4.964
067 081 -57.991    -58.670      0.679
067 082 -61.646    -62.516      0.870
067 083 -61.946    -59.764     -2.182
067 084 -63.623    -62.256     -1.367
067 085 -63.605    -60.921     -2.684
067 086 -65.012    -62.792     -2.220
067 087 -64.639    -62.465     -2.174
067 088 -66.040    -63.789     -2.251
067 089 -65.538    -64.444     -1.094
067 090 -66.833    -65.129     -1.704
067 091 -66.187    -65.834     -0.353
067 092 -67.330    -66.492     -0.838
067 093 -66.382    -66.318     -0.064
067 094 -67.196    -66.788     -0.408
067 095 -66.041    -66.167      0.126
067 096 -66.378    -65.775     -0.603
067 097 -64.981    -64.528     -0.453
067 098 -64.898    -63.749     -1.149
067 099 -63.070    -61.450     -1.620
067 100 -62.279    -60.662     -1.617
067 101 -60.059    -57.839     -2.220
067 102 -58.796    -57.870     -0.926
067 103 -56.238    -54.426     -1.812
067 104 -54.518    -55.038      0.520
068 078 -44.322    -58.663     14.341
068 079 -46.608    -58.800     12.192
068 080 -51.479    -59.103      7.624
068 081 -53.742    -59.709      5.967
068 082 -57.831    -60.416      2.585
068 083 -58.266    -60.246      1.980
068 084 -60.500    -61.045      0.545
068 085 -60.467    -60.802      0.335
068 086 -62.605    -62.368     -0.237
068 087 -62.209    -61.833     -0.376
068 088 -64.212    -63.956     -0.256
068 089 -63.414    -62.959     -0.455
068 090 -65.304    -65.094     -0.210
068 091 -64.561    -63.549     -1.012
068 092 -66.064    -65.893     -0.171
068 093 -65.201    -63.788     -1.413
068 094 -66.334    -65.952     -0.382
068 095 -65.167    -63.187     -1.980
068 096 -65.943    -65.260     -0.683
068 097 -64.521    -61.449     -3.072
068 098 -64.924    -63.549     -1.375
068 099 -63.289    -58.466     -4.823
068 100 -62.989    -60.565     -2.424
068 101 -60.921    -55.784     -5.137
068 102 -60.108    -58.042     -2.066
068 103 -57.718    -53.376     -4.342
068 104 -56.483    -55.093     -1.390
069 078 -35.974    -52.600     16.626
069 079 -38.765    -52.267     13.502
069 082 -50.772    -56.367      5.595
069 083 -51.720    -53.921      2.201
069 084 -53.973    -55.802      1.829
069 085 -54.427    -55.084      0.657
069 086 -56.626    -55.776     -0.850
069 087 -56.834    -56.221     -0.613
069 088 -58.709    -56.302     -2.407
069 089 -58.703    -57.771     -0.932
069 090 -60.570    -57.229     -3.341
069 091 -60.301    -59.068     -1.233
069 092 -61.899    -58.086     -3.813
069 093 -61.477    -59.752     -1.725
069 094 -62.728    -59.166     -3.562
069 095 -61.909    -59.499     -2.410
069 096 -62.930    -59.797     -3.133
069 097 -61.886    -58.669     -3.217
069 098 -62.543    -58.983     -3.560
069 099 -61.312    -57.417     -3.895
069 100 -61.275    -57.441     -3.834
069 101 -59.795    -54.748     -5.047
069 102 -59.210    -55.315     -3.895
069 103 -57.374    -51.922     -5.452
069 104 -56.256    -52.852     -3.404
069 105 -53.865    -48.010     -5.855
069 106 -52.311    -49.251     -3.060
069 107 -49.371    -43.011     -6.360
070 081 -41.542    -52.647     11.105
070 082 -46.270    -54.242      7.972
070 084 -49.932    -54.197      4.265
070 085 -50.503    -53.355      2.852
070 086 -53.266    -54.464      1.198
070 087 -53.420    -53.983      0.563
070 088 -56.010    -55.528     -0.482
070 089 -55.834    -54.682     -1.152
070 090 -58.163    -56.683     -1.480
070 091 -57.834    -55.060     -2.774
070 092 -59.821    -57.566     -2.255
070 093 -59.294    -55.973     -3.321
070 094 -61.012    -58.199     -2.813
070 095 -60.295    -56.579     -3.716
070 096 -61.594    -57.412     -4.182
070 097 -60.590    -56.044     -4.546
070 098 -61.580    -56.740     -4.840
070 099 -60.376    -54.939     -5.437
070 100 -60.764    -56.115     -4.649
070 101 -59.307    -52.845     -6.462
070 102 -59.255    -53.922     -5.333
070 103 -57.551    -50.910     -6.641
070 104 -56.945    -51.530     -5.415
070 105 -54.696    -47.646     -7.050
070 106 -53.491    -48.067     -5.424
070 107 -50.986    -43.032     -7.954
070 108 -49.677    -44.888     -4.789
071 082 -38.375    -51.147     12.772
071 084 -42.545    -49.872      7.327
071 085 -43.700    -49.263      5.563
071 086 -46.440    -49.256      2.816
071 087 -47.212    -49.692      2.480
071 088 -49.709    -49.059     -0.650
071 089 -50.270    -50.478      0.208
071 090 -52.562    -49.359     -3.203
071 091 -52.832    -51.582     -1.250
071 092 -54.791    -49.997     -4.794
071 093 -54.642    -52.383     -2.259
071 094 -56.442    -51.075     -5.367
071 095 -56.021    -52.487     -3.534
071 096 -57.526    -52.254     -5.272
071 097 -57.073    -52.312     -4.761
071 098 -58.083    -52.628     -5.455
071 099 -57.306    -51.643     -5.663
071 100 -57.828    -52.256     -5.572
071 101 -56.736    -50.992     -5.744
071 102 -56.881    -51.436     -5.445
071 103 -55.570    -48.711     -6.859
071 104 -55.166    -49.552     -5.614
071 105 -53.382    -45.201     -8.181
071 106 -52.384    -46.115     -6.269
071 107 -50.338    -40.169    -10.169
071 108 -49.059    -42.958     -6.101
071 109 -46.676    -36.046    -10.630
071 110 -44.797    -40.253     -4.544
071 112 -39.716    -38.402     -1.314
072 084 -37.820    -47.062      9.242
072 086 -42.102    -46.673      4.571
072 087 -42.853    -46.420      3.567
072 088 -45.939    -47.204      1.265
072 089 -46.316    -46.839      0.523
072 090 -49.168    -48.053     -1.115
072 091 -49.269    -47.341     -1.928
072 092 -51.818    -48.817     -3.001
072 093 -51.636    -48.259     -3.377
072 094 -53.859    -49.303     -4.556
072 095 -53.468    -49.099     -4.369
072 096 -55.361    -49.621     -5.740
072 097 -54.717    -49.150     -5.567
072 098 -56.254    -49.885     -6.369
072 099 -55.431    -48.791     -6.640
072 100 -56.402    -50.150     -6.252
072 101 -55.412    -48.304     -7.108
072 102 -55.845    -49.771     -6.074
072 103 -54.482    -47.399     -7.083
072 104 -54.576    -48.287     -6.289
072 105 -52.881    -44.702     -8.179
072 106 -52.435    -44.686     -7.749
072 107 -50.463    -40.614     -9.849
072 108 -49.779    -41.895     -7.884
072 109 -47.403    -37.323    -10.080
072 110 -46.050    -39.396     -6.654
072 111 -43.284    -34.884     -8.400
072 112 -41.499    -37.200     -4.299
072 113 -38.320    -33.014     -5.306
072 114 -36.424    -35.342     -1.082
073 084 -29.596    -44.802     15.206
073 086 -34.439    -43.824      9.385
073 087 -35.824    -43.222      7.398
073 088 -38.779    -43.046      4.267
073 089 -39.781    -43.652      3.871
073 090 -42.535    -42.370     -0.165
073 091 -43.283    -44.204      0.921
073 092 -45.848    -42.564     -3.284
073 093 -46.098    -45.204     -0.894
073 094 -48.351    -43.263     -5.088
073 095 -48.394    -45.390     -3.004
073 096 -50.290    -43.953     -6.337
073 097 -50.138    -45.620     -4.518
073 098 -51.720    -44.681     -7.039
073 099 -51.330    -45.624     -5.706
073 100 -52.397    -45.832     -6.565
073 101 -51.741    -45.313     -6.428
073 102 -52.409    -46.442     -5.967
073 103 -51.365    -44.906     -6.459
073 104 -51.715    -45.556     -6.159
073 106 -50.357    -42.374     -7.983
073 107 -48.934    -37.815    -11.119
073 108 -48.439    -39.268     -9.171
073 109 -46.431    -34.053    -12.378
073 110 -45.294    -36.484     -8.810
073 111 -42.839    -31.048    -11.791
073 112 -41.394    -34.322     -7.072
073 113 -38.608    -28.420    -10.188
073 114 -36.896    -33.107     -3.789
074 086 -29.329    -38.718      9.389
074 088 -33.999    -38.736      4.737
074 089 -34.908    -39.413      4.505
074 090 -38.236    -39.365      1.129
074 091 -38.861    -39.921      1.060
074 092 -41.887    -39.996     -1.891
074 093 -42.093    -40.629     -1.464
074 094 -44.893    -40.886     -4.007
074 095 -44.918    -40.911     -4.007
074 096 -47.291    -41.891     -5.400
074 097 -47.086    -41.404     -5.682
074 098 -49.097    -43.152     -5.945
074 099 -48.727    -41.552     -7.175
074 100 -50.227    -44.174     -6.053
074 101 -49.633    -42.155     -7.478
074 102 -50.642    -44.751     -5.891
074 103 -49.702    -42.432     -7.270
074 104 -50.407    -44.656     -5.751
074 105 -49.295    -40.904     -8.391
074 106 -49.636    -42.118     -7.518
074 107 -48.234    -37.683    -10.551
074 108 -48.246    -39.131     -9.115
074 109 -46.366    -35.116    -11.250
074 110 -45.705    -36.103     -9.602
074 111 -43.388    -32.586    -10.802
074 112 -42.509    -33.560     -8.949
074 113 -39.904    -30.331     -9.573
074 114 -38.668    -32.356     -6.312
074 116 -34.369    -31.955     -2.414
074 117 -31.176    -29.184     -1.992
075 086 -20.843    -39.195     18.352
075 088 -26.002    -37.522     11.520
075 089 -27.472    -37.443      9.971
075 090 -30.659    -36.455      5.796
075 091 -31.837    -37.883      6.046
075 093 -35.795    -38.348      2.553
075 094 -38.409    -35.884     -2.525
075 095 -38.904    -38.987      0.083
075 096 -41.250    -36.614     -4.636
075 097 -41.567    -39.237     -2.330
075 098 -43.554    -37.173     -6.381
075 099 -43.673    -39.565     -4.108
075 100 -45.288    -38.955     -6.333
075 101 -45.063    -39.927     -5.136
075 102 -46.269    -40.381     -5.888
075 103 -45.653    -39.652     -6.001
075 104 -46.584    -40.756     -5.828
075 105 -45.837    -37.958     -7.879
075 106 -46.517    -38.191     -8.326
075 107 -45.446    -34.499    -10.947
075 108 -45.810    -35.672    -10.138
075 109 -44.220    -31.626    -12.594
075 110 -43.819    -33.072    -10.747
075 111 -41.927    -29.551    -12.376
075 112 -41.217    -30.853    -10.364
075 113 -39.017    -28.045    -10.972
075 114 -37.979    -29.389     -8.590
075 115 -35.583    -26.727     -8.856
075 116 -34.350    -28.515     -5.835
075 117 -31.589    -25.646     -5.943
075 118 -30.232    -27.592     -2.640
076 088 -20.425    -30.984     10.559
076 090 -25.432    -31.368      5.936
076 091 -26.499    -32.530      6.031
076 092 -29.995    -32.526      2.531
076 093 -30.723    -32.782      2.059
076 094 -33.926    -33.756     -0.170
076 095 -34.297    -33.360     -0.937
076 096 -37.244    -34.673     -2.571
076 097 -37.438    -34.113     -3.325
076 098 -39.995    -35.926     -4.069
076 099 -40.105    -34.955     -5.150
076 100 -42.131    -37.241     -4.890
076 101 -41.956    -35.651     -6.305
076 102 -43.544    -38.660     -4.884
076 103 -43.020    -36.519     -6.501
076 104 -44.356    -39.380     -4.976
076 105 -43.550    -35.624     -7.926
076 106 -44.609    -37.214     -7.395
076 107 -43.664    -33.212    -10.452
076 108 -44.253    -35.332     -8.921
076 109 -42.806    -31.799    -11.007
076 110 -43.000    -33.175     -9.825
076 111 -41.219    -29.917    -11.302
076 112 -41.137    -30.976    -10.161
076 113 -38.987    -27.671    -11.316
076 114 -38.708    -29.536     -9.172
076 115 -36.395    -26.470     -9.925
076 116 -35.882    -28.941     -6.941
076 117 -33.394    -25.920     -7.474
076 118 -32.435    -28.950     -3.485
076 119 -29.512    -26.048     -3.464
076 120 -28.277    -29.488      1.211
077 090 -17.072    -31.670     14.598
077 091 -18.666    -32.265     13.599
077 092 -22.093    -30.555      8.462
077 094 -26.412    -30.232      3.820
077 095 -27.379    -32.748      5.369
077 096 -30.268    -30.311      0.043
077 097 -30.786    -33.380      2.594
077 098 -33.395    -31.357     -2.038
077 099 -33.882    -33.744     -0.138
077 100 -36.047    -32.918     -3.129
077 101 -36.254    -33.937     -2.317
077 102 -38.082    -34.771     -3.311
077 103 -37.978    -34.548     -3.430
077 104 -39.463    -35.685     -3.778
077 105 -39.052    -33.204     -5.848
077 106 -40.202    -33.292     -6.910
077 107 -39.611    -30.417     -9.194
077 108 -40.336    -31.149     -9.187
077 109 -39.172    -28.748    -10.424
077 110 -39.549    -29.580     -9.969
077 111 -38.345    -27.184    -11.161
077 112 -38.450    -27.812    -10.638
077 113 -36.754    -25.874    -10.880
077 114 -36.709    -26.312    -10.397
077 115 -34.836    -25.066     -9.770
077 116 -34.536    -25.643     -8.893
077 117 -32.532    -24.585     -7.947
077 118 -31.692    -25.453     -6.239
077 119 -29.436    -24.257     -5.179
077 120 -28.264    -25.190     -3.074
077 122 -24.399    -25.160      0.761
078 090 -11.010    -25.182     14.172
078 092 -16.299    -25.713      9.414
078 093 -17.467    -26.024      8.557
078 094 -21.107    -26.540      5.433
078 095 -21.937    -26.505      4.568
078 096 -25.318    -27.474      2.156
078 097 -25.709    -27.146      1.437
078 098 -28.934    -28.766     -0.168
078 099 -29.370    -28.033     -1.337
078 100 -31.997    -30.058     -1.939
078 101 -32.268    -29.116     -3.152
078 102 -34.430    -31.472     -2.958
078 103 -34.381    -30.150     -4.231
078 104 -36.168    -33.180     -2.988
078 105 -35.773    -29.525     -6.248
078 106 -37.332    -31.121     -6.211
078 107 -36.688    -27.477     -9.211
078 108 -37.864    -29.580     -8.284
078 109 -36.685    -26.513    -10.172
078 110 -37.821    -28.406     -9.415
078 111 -36.469    -25.732    -10.737
078 112 -37.307    -27.534     -9.773
078 113 -35.698    -25.123    -10.575
078 114 -36.289    -26.609     -9.680
078 115 -34.480    -23.795    -10.685
078 116 -34.760    -25.842     -8.918
078 117 -32.794    -23.221     -9.573
078 118 -32.645    -26.146     -6.499
078 119 -30.420    -22.930     -7.490
078 120 -29.904    -26.428     -3.476
078 121 -27.389    -23.532     -3.857
078 122 -26.599    -27.136      0.537
078 123 -23.741    -24.785      1.044
078 124 -22.692    -28.709      6.017
079 092  -7.562    -27.374     19.812
079 093  -9.318    -27.166     17.848
079 094 -12.832    -26.388     13.556
079 096 -17.404    -25.665      8.261
079 097 -18.521    -27.565      9.044
079 098 -21.546    -26.345      4.799
079 099 -22.303    -28.098      5.795
079 100 -24.989    -27.564      2.575
079 101 -25.626    -28.402      2.776
079 102 -27.871    -29.241      1.370
079 103 -28.304    -29.385      1.081
079 104 -30.191    -30.927      0.736
079 105 -30.319    -28.348     -1.971
079 106 -31.858    -28.396     -3.462
079 107 -31.715    -26.047     -5.668
079 108 -33.029    -26.844     -6.185
079 109 -32.371    -25.121     -7.250
079 110 -33.582    -26.006     -7.576
079 111 -32.834    -24.734     -8.100
079 112 -33.798    -24.977     -8.821
079 113 -32.772    -24.048     -8.724
079 114 -33.405    -23.915     -9.490
079 115 -32.212    -23.281     -8.931
079 116 -32.567    -22.965     -9.602
079 117 -31.139    -23.321     -7.818
079 118 -31.140    -22.950     -8.190
079 119 -29.581    -23.053     -6.528
079 120 -29.094    -23.512     -5.582
079 121 -27.240    -22.902     -4.338
079 122 -26.401    -24.152     -2.249
079 123 -24.353    -23.366     -0.987
079 124 -23.143    -25.036      1.893
080 092  -1.061    -19.956     18.895
080 094  -6.641    -20.083     13.442
080 095  -7.969    -20.625     12.656
080 096 -11.785    -20.529      8.744
080 097 -12.776    -20.783      8.007
080 098 -16.315    -21.594      5.279
080 099 -16.933    -21.328      4.395
080 100 -20.251    -23.087      2.836
080 101 -20.661    -22.408      1.747
080 102 -23.577    -25.184      1.607
080 103 -23.805    -24.151      0.346
080 104 -26.345    -27.367      1.022
080 105 -26.184    -23.547     -2.637
080 106 -28.539    -25.177     -3.362
080 107 -28.119    -21.641     -6.478
080 108 -30.198    -23.733     -6.465
080 109 -29.626    -21.062     -8.564
080 110 -31.371    -23.148     -8.223
080 111 -30.592    -21.003     -9.589
080 112 -32.011    -23.065     -8.946
080 113 -31.062    -21.030    -10.032
080 114 -32.184    -23.324     -8.860
080 115 -31.013    -20.977    -10.036
080 116 -31.826    -23.011     -8.815
080 117 -30.540    -20.486    -10.054
080 118 -30.954    -23.050     -7.904
080 119 -29.546    -20.403     -9.143
080 120 -29.503    -23.477     -6.026
080 121 -27.663    -21.230     -6.433
080 122 -27.345    -24.129     -3.216
080 123 -25.269    -22.989     -2.280
080 124 -24.690    -25.408      0.718
080 125 -22.288    -25.348      3.060
080 126 -20.946    -27.138      6.192
080 127 -16.487    -23.191      6.704
080 128 -13.265    -22.028      8.763
081 095   0.585    -21.974     22.559
081 096  -3.340    -22.921     19.581
081 098  -8.270    -23.072     14.802
081 099  -9.390    -22.705     13.315
081 100 -12.799    -24.130     11.331
081 101 -13.327    -23.286      9.959
081 102 -16.587    -25.692      9.105
081 103 -16.883    -24.426      7.543
081 104 -19.758    -27.400      7.642
081 105 -19.883    -23.771      3.888
081 106 -22.445    -25.001      2.556
081 107 -22.336    -21.572     -0.764
081 108 -24.616    -23.328     -1.288
081 109 -24.366    -21.063     -3.303
081 110 -26.283    -22.177     -4.106
081 111 -25.872    -20.954     -4.918
081 112 -27.477    -21.678     -5.799
081 113 -26.937    -21.080     -5.857
081 114 -28.155    -21.098     -7.057
081 115 -27.497    -21.450     -6.047
081 116 -28.354    -20.640     -7.714
081 117 -27.529    -21.561     -5.968
081 118 -28.059    -20.503     -7.556
081 119 -27.047    -21.598     -5.449
081 120 -27.181    -21.190     -5.991
081 121 -25.980    -21.763     -4.217
081 122 -25.761    -22.294     -3.467
081 123 -24.346    -22.168     -2.178
081 124 -23.821    -23.443     -0.378
081 125 -22.253    -23.198      0.945
081 126 -21.034    -25.144      4.110
081 127 -16.750    -20.851      4.101
081 128 -13.645    -19.620      5.975
081 129  -9.247    -15.794      6.547
081 130  -6.078    -13.174      7.096
081 132   1.784     -6.534      8.318
082 096   3.573    -15.790     19.363
082 097   2.052    -16.818     18.870
082 098  -1.941    -16.683     14.742
082 099  -3.111    -17.307     14.196
082 100  -6.825    -18.037     11.212
082 101  -7.580    -18.636     11.056
082 102 -11.052    -19.871      8.819
082 103 -11.541    -20.443      8.902
082 104 -14.681    -21.905      7.224
082 105 -14.987    -20.012      5.025
082 106 -17.811    -20.286      2.475
082 107 -17.844    -18.282      0.438
082 108 -20.417    -19.289     -1.128
082 109 -20.291    -17.711     -2.580
082 110 -22.552    -18.794     -3.758
082 111 -22.229    -17.890     -4.339
082 112 -24.208    -18.284     -5.924
082 113 -23.738    -18.090     -5.648
082 114 -25.348    -18.683     -6.665
082 115 -24.745    -18.216     -6.529
082 116 -26.067    -19.221     -6.846
082 117 -25.232    -18.333     -6.899
082 118 -26.251    -19.733     -6.518
082 119 -25.271    -18.130     -7.141
082 120 -25.941    -20.133     -5.808
082 121 -24.786    -18.906     -5.880
082 122 -25.110    -20.799     -4.311
082 123 -23.770    -20.641     -3.129
082 124 -23.786    -21.974     -1.812
082 125 -22.452    -22.980      0.528
082 126 -21.749    -23.802      2.053
082 127 -17.615    -21.920      4.305
082 128 -14.728    -19.762      5.034
082 129 -10.493    -16.876      6.383
082 130  -7.549    -14.847      7.298
082 131  -3.204    -11.110      7.906
082 132  -0.183     -9.501      9.318
082 133   4.342     -5.825     10.167
083 103  -3.145    -17.373     14.228
083 104  -6.383    -20.130     13.747
083 105  -7.195    -16.822      9.627
083 106 -10.065    -18.050      7.985
083 107 -10.596    -14.703      4.107
083 108 -13.239    -16.358      3.119
083 109 -13.535    -14.197      0.662
083 110 -15.885    -14.933     -0.952
083 111 -16.023    -14.148     -1.875
083 112 -18.026    -14.302     -3.724
083 113 -18.009    -14.327     -3.682
083 114 -19.687    -14.386     -5.301
083 115 -19.374    -15.000     -4.374
083 116 -20.798    -14.731     -6.067
083 117 -20.371    -15.907     -4.464
083 118 -21.429    -14.981     -6.448
083 119 -20.751    -16.812     -3.939
083 120 -21.525    -15.917     -5.608
083 121 -20.646    -17.526     -3.120
083 122 -21.066    -17.387     -3.679
083 123 -20.028    -18.205     -1.823
083 124 -20.055    -18.915     -1.140
083 125 -18.870    -19.527      0.657
083 126 -18.259    -20.759      2.500
083 127 -14.792    -17.540      2.748
083 128 -11.859    -15.896      4.037
083 129  -8.118    -12.324      4.206
083 130  -5.232    -10.347      5.115
083 131  -1.201     -7.392      6.191
083 132   1.629     -4.284      5.913
083 133   5.874     -2.047      7.921
083 134   8.730      1.943      6.787
083 135  13.216      3.570      9.646
084 102   4.102     -9.394     13.496
084 103   2.824     -9.931     12.755
084 104  -0.544    -11.652     11.108
084 105  -1.422     -9.493      8.071
084 106  -4.563     -9.473      4.910
084 107  -5.069     -7.142      2.073
084 108  -8.066     -8.125      0.059
084 109  -8.325     -6.868     -1.457
084 110 -11.005     -7.636     -3.369
084 111 -11.117     -7.206     -3.911
084 112 -13.469     -7.687     -5.782
084 113 -13.393     -7.503     -5.890
084 114 -15.473     -7.851     -7.622
084 115 -15.239     -7.796     -7.443
084 116 -16.942     -8.388     -8.554
084 117 -16.521     -8.100     -8.421
084 118 -17.942     -9.431     -8.511
084 119 -17.311     -8.644     -8.667
084 120 -18.341    -10.637     -7.704
084 121 -17.521     -9.734     -7.787
084 122 -18.189    -11.600     -6.589
084 123 -17.146    -11.817     -5.329
084 124 -17.469    -13.125     -4.344
084 125 -16.366    -14.378     -1.988
084 126 -15.953    -15.421     -0.532
084 127 -12.432    -13.914      1.482
084 128 -10.369    -12.261      1.892
084 129  -6.654     -9.384      2.730
084 130  -4.470     -8.404      3.934
084 131  -0.542     -4.100      3.558
084 132   1.782     -3.703      5.485
084 133   5.883      0.889      4.994
084 134   8.357      1.312      7.045
084 135  12.681      5.568      7.113
084 136  15.263      5.863      9.400
084 137  19.774     10.064      9.710
084 138  22.486     10.361     12.125
085 106   3.864     -6.544     10.408
085 107   2.926     -5.663      8.589
085 108  -0.067     -4.887      4.820
085 109  -0.716     -4.841      4.125
085 110  -3.470     -3.975      0.505
085 111  -3.913     -4.754      0.841
085 112  -6.355     -3.526     -2.829
085 113  -6.709     -4.695     -2.014
085 114  -8.823     -3.441     -5.382
085 115  -8.988     -5.133     -3.855
085 116 -10.789     -4.130     -6.659
085 117 -10.595     -6.149     -4.446
085 118 -12.163     -5.114     -7.049
085 119 -11.875     -7.463     -4.412
085 120 -12.985     -7.099     -5.886
085 121 -12.439     -9.029     -3.410
085 122 -13.227     -9.102     -4.125
085 123 -12.470    -10.630     -1.840
085 124 -12.884    -10.981     -1.903
085 125 -11.972    -12.438      0.466
085 126 -11.647    -13.344      1.697
085 127  -8.628    -11.000      2.372
085 128  -6.580     -8.790      2.210
085 129  -3.379     -5.957      2.578
085 130  -1.257     -3.633      2.376
085 131   2.257     -1.211      3.468
085 132   4.395      1.477      2.918
085 133   8.100      3.547      4.553
085 134  10.396      7.481      2.915
085 135  14.376      8.735      5.641
085 136  16.783     13.080      3.703
085 137  20.953     13.655      7.298
085 138  23.428     17.595      5.833
085 139  27.711     18.324      9.387
086 107   9.043      1.694      7.349
086 108   5.725      2.184      3.541
086 109   5.050      2.903      2.147
086 110   1.975      2.849     -0.874
086 111   1.510      3.156     -1.646
086 112  -1.230      2.766     -3.996
086 113  -1.560      2.942     -4.502
086 114  -4.000      2.643     -6.643
086 115  -4.107      2.562     -6.669
086 116  -6.275      2.282     -8.557
086 117  -6.184      2.203     -8.387
086 118  -7.970      1.090     -9.060
086 119  -7.710      1.270     -8.980
086 120  -9.133     -0.441     -8.692
086 121  -8.635     -0.508     -8.127
086 122  -9.655     -2.368     -7.287
086 123  -8.941     -3.228     -5.713
086 124  -9.605     -4.532     -5.073
086 125  -8.755     -6.060     -2.695
086 126  -8.659     -7.379     -1.280
086 127  -5.696     -6.170      0.474
086 128  -4.320     -4.096     -0.224
086 129  -1.169     -1.837      0.668
086 130   0.253     -0.718      0.971
086 131   3.659      2.554      1.105
086 132   5.217      2.623      2.594
086 133   8.829      7.548      1.281
086 134  10.612      7.533      3.079
086 135  14.471     12.219      2.252
086 136  16.372     12.302      4.070
086 137  20.390     16.590      3.800
086 138  22.445     16.678      5.767
086 139  26.534     20.682      5.852
086 140  28.747     20.959      7.788
086 141  32.886     24.686      8.200
086 142  35.243     24.758     10.485
086 143  39.362     28.548     10.814
087 110  10.254      6.092      4.162
087 111   9.578      4.605      4.973
087 112   6.771      6.280      0.491
087 113   6.134      4.523      1.611
087 114   3.589      6.154     -2.565
087 115   3.102      4.097     -0.995
087 116   0.876      5.661     -4.785
087 117   0.607      3.368     -2.761
087 118  -1.310      4.762     -6.072
087 119  -1.247      2.183     -3.430
087 120  -2.849      3.130     -5.979
087 121  -2.665      1.010     -3.675
087 122  -3.782      0.924     -4.706
087 123  -3.344     -1.040     -2.304
087 124  -4.140     -1.415     -2.725
087 125  -3.516     -3.310     -0.206
087 126  -3.554     -4.544      0.990
087 127  -0.958     -3.001      2.043
087 128   0.318     -1.142      1.460
087 129   2.971      1.052      1.919
087 130   4.315      3.146      1.169
087 131   7.059      5.699      1.360
087 132   8.617      7.855      0.762
087 133  11.482     10.162      1.320
087 134  13.277     13.019      0.258
087 135  16.378     14.251      2.127
087 136  18.382     18.013      0.369
087 137  21.749     19.122      2.627
087 138  23.821     22.381      1.440
087 139  27.521     23.828      3.693
087 140  29.682     26.542      3.140
087 141  33.384     28.426      4.958
087 142  35.668     30.318      5.350
087 143  39.487     32.752      6.735
087 144  42.081     33.357      8.724
087 145  46.073     37.023      9.050
087 146  48.920     36.589     12.331
088 113  11.937     12.582     -0.645
088 114   9.075     12.587     -3.512
088 115   8.601     12.427     -3.826
088 116   6.061     12.398     -6.337
088 117   5.804     11.875     -6.071
088 118   3.566     10.966     -7.400
088 119   3.514     10.530     -7.016
088 120   1.728      9.235     -7.507
088 121   1.858      8.237     -6.379
088 122   0.443      7.001     -6.558
088 123   0.832      5.707     -4.875
088 124  -0.199      3.989     -4.188
088 125   0.346      2.730     -2.384
088 126   0.093      0.439     -0.346
088 127   2.532      2.406      0.126
088 128   3.291      3.283      0.008
088 129   5.890      5.708      0.182
088 130   6.646      6.258      0.388
088 131   9.394      9.459     -0.065
088 132  10.272      9.616      0.656
088 133  12.964     13.391     -0.427
088 134  14.320     13.685      0.635
088 135  17.233     17.943     -0.710
088 136  18.826     18.536      0.290
088 137  21.993     22.412     -0.419
088 138  23.668     23.003      0.665
088 139  27.177     26.352      0.825
088 140  28.940     27.212      1.728
088 141  32.562     30.140      2.422
088 142  34.516     31.518      2.998
088 143  38.216     33.695      4.521
088 144  40.497     34.966      5.531
088 145  44.334     36.932      7.402
088 146  46.931     37.737      9.194
089 116  14.107     14.662     -0.555
089 117  13.485     12.684      0.801
089 118  11.146     13.792     -2.646
089 119  10.761     11.823     -1.062
089 120   8.845     12.417     -3.572
089 121   8.764     10.595     -1.831
089 122   7.143     10.684     -3.541
089 123   7.300      8.907     -1.607
089 124   6.141      8.476     -2.335
089 125   6.433      6.691     -0.258
089 126   6.031      5.147      0.884
089 127   8.150      6.800      1.350
089 128   8.702      7.809      0.893
089 129  10.851      9.158      1.693
089 130  11.570     10.363      1.207
089 131  13.744     12.303      1.441
089 132  14.531     14.019      0.512
089 133  16.622     16.337      0.285
089 134  17.825     18.006     -0.181
089 135  20.234     20.101      0.133
089 136  21.637     23.013     -1.376
089 137  24.309     24.532     -0.223
089 138  25.850     27.637     -1.787
089 139  28.895     29.202     -0.307
089 140  30.690     31.660     -0.970
089 141  33.838     33.733      0.105
089 142  35.763     35.231      0.532
089 143  39.154     38.242      0.912
089 144  41.308     38.482      2.826
089 145  44.841     42.512      2.329
089 146  47.357     41.263      6.094
089 147  51.221     46.124      5.097
090 118  16.688     20.366     -3.678
090 120  14.060     18.122     -4.062
090 121  13.876     16.615     -2.739
090 122  12.111     15.324     -3.213
090 123  12.120     14.054     -1.934
090 124  10.695     11.913     -1.218
090 125  10.921     11.195     -0.274
090 126  10.299      8.255      2.044
090 127  12.206     10.940      1.266
090 128  12.367     11.062      1.305
090 129  14.463     13.702      0.761
090 130  14.690     13.753      0.937
090 131  16.940     16.564      0.376
090 132  17.203     16.553      0.650
090 133  19.385     19.294      0.091
090 134  19.996     19.841      0.155
090 135  22.310     23.121     -0.811
090 136  23.198     24.195     -0.997
090 137  25.805     27.351     -1.546
090 138  26.771     29.045     -2.274
090 139  29.586     31.606     -2.020
090 140  30.863     33.650     -2.787
090 141  33.816     35.602     -1.786
090 142  35.447     37.840     -2.393
090 143  38.732     38.964     -0.232
090 144  40.613     41.620     -1.007
090 145  44.018     42.106      1.912
090 146  46.255     44.616      1.639
090 147  49.955     45.280      4.675
091 120  22.052     20.692      1.360
091 121  21.597     19.876      1.721
091 122  19.654     18.998      0.656
091 123  19.460     18.300      1.160
091 124  17.805     16.502      1.303
091 125  17.824     15.865      1.959
091 126  17.055     13.287      3.768
091 127  18.650     16.060      2.590
091 128  18.583     16.136      2.447
091 129  20.278     18.746      1.532
091 130  20.375     18.713      1.662
091 131  22.064     20.601      1.463
091 132  22.338     21.113      1.225
091 133  23.862     22.942      0.920
091 134  24.357     23.845      0.512
091 135  26.034     26.165     -0.131
091 136  26.830     27.481     -0.651
091 137  28.924     29.845     -0.921
091 138  29.897     31.814     -1.917
091 139  32.174     34.590     -2.416
091 140  33.424     35.996     -2.572
091 141  35.947     38.987     -3.040
091 142  37.489     39.680     -2.191
091 143  40.339     43.260     -2.921
091 144  42.289     42.736     -0.447
091 145  45.334     47.513     -2.179
091 146  47.528     45.857      1.671
091 147  50.894     51.193     -0.299
092 123  24.889     21.590      3.299
092 124  23.066     19.686      3.380
092 126  21.895     15.934      5.961
092 127  23.296     18.325      4.971
092 129  24.520     21.051      3.469
092 130  24.273     21.482      2.791
092 131  26.045     24.304      1.741
092 132  25.743     23.766      1.977
092 133  27.372     26.635      0.737
092 134  27.329     26.686      0.643
092 135  29.045     29.471     -0.426
092 136  29.220     30.327     -1.107
092 137  31.211     32.881     -1.670
092 138  31.615     34.306     -2.691
092 139  33.806     37.065     -3.259
092 140  34.609     39.335     -4.726
092 141  36.919     40.953     -4.034
092 142  38.145     43.892     -5.747
092 143  40.919     44.214     -3.295
092 144  42.445     47.585     -5.140
092 145  45.390     47.437     -2.047
092 146  47.308     51.176     -3.868
092 147  50.573     50.786     -0.213
092 148  52.715     53.466     -0.751
093 126  29.437     19.459      9.978
093 127  30.475     23.658      6.817
093 129  31.275     26.872      4.403
093 130  30.659     26.119      4.540
093 131  32.032     29.067      2.965
093 132  31.618     28.413      3.205
093 133  32.817     31.023      1.794
093 134  32.579     30.269      2.310
093 136  33.801     32.644      1.157
093 137  35.237     36.134     -0.897
093 138  35.624     36.253     -0.629
093 140  37.949     40.271     -2.322
093 141  39.955     44.224     -4.269
093 142  41.043     43.871     -2.828
093 143  43.378     48.489     -5.111
093 144  44.872     47.435     -2.563
093 145  47.455     52.556     -5.101
093 146  49.311     50.661     -1.350
093 147  52.316     56.183     -3.867
093 148  54.315     53.519      0.796
093 149  57.417     59.545     -2.128
094 134  36.108     33.529      2.579
094 135  37.395     36.625      0.770
094 136  36.932     37.094     -0.162
094 137  38.309     39.609     -1.300
094 138  38.361     40.834     -2.473
094 139  40.052     42.602     -2.550
094 140  40.350     44.504     -4.154
094 141  42.182     46.089     -3.907
094 142  42.902     48.752     -5.850
094 143  45.092     49.725     -4.633
094 144  46.163     53.056     -6.893
094 145  48.588     52.809     -4.221
094 146  50.125     56.597     -6.472
094 147  52.955     55.870     -2.915
094 148  54.717     59.517     -4.800
094 149  57.755     58.991     -1.236
094 150  59.806     61.558     -1.752
094 151  63.178     62.092      1.086
094 152  65.395     63.390      2.005
095 134  42.180     37.318      4.862
095 140  44.625     45.158     -0.533
095 143  48.421     53.944     -5.523
095 144  49.390     51.895     -2.505
095 145  51.510     57.775     -6.265
095 146  52.934     55.192     -2.258
095 147  55.468     61.244     -5.776
095 148  57.175     58.685     -1.510
095 149  59.879     64.607     -4.728
095 150  61.900     61.492      0.408
096 137  47.293     46.447      0.846
096 138  46.722     47.322     -0.600
096 140  47.853     50.366     -2.513
096 141  49.247     51.554     -2.307
096 142  49.445     53.567     -4.122
096 143  51.147     54.774     -3.627
096 144  51.724     57.249     -5.525
096 145  53.702     58.188     -4.486
096 146  54.804     60.982     -6.178
096 147  57.182     61.368     -4.186
096 148  58.452     64.100     -5.648
096 149  61.005     64.248     -3.243
096 150  62.617     66.863     -4.246
096 151  65.533     67.142     -1.609
096 152  67.393     68.593     -1.200
096 153  70.751     69.805      0.946
096 154  72.990     70.341      2.649
096 155  76.648     72.109      4.539
097 146  58.690     60.006     -1.316
097 147  60.714     66.242     -5.528
097 148  61.814     63.267     -1.453
097 149  63.967     69.364     -5.397
097 150  65.490     66.512     -1.022
097 151  68.131     72.140     -4.009
097 152  69.846     69.333      0.513
097 153  72.952     74.723     -1.771
097 154  75.228     71.570      3.658
098 139  57.938     55.257      2.681
098 142  57.989     58.930     -0.941
098 144  59.387     62.126     -2.739
098 146  61.478     65.275     -3.797
098 147  63.385     66.137     -2.752
098 148  64.090     68.203     -4.113
098 149  66.109     69.090     -2.981
098 150  67.238     71.113     -3.875
098 151  69.723     72.002     -2.279
098 152  71.170     73.493     -2.323
098 153  74.135     74.568     -0.433
098 154  76.035     75.202      0.833
098 155  79.302     76.821      2.481
098 156  81.341     77.035      4.306
099 147  67.819     70.890     -3.071
099 148  68.578     68.006      0.572
099 152  74.512     74.314      0.198
099 153  77.295     78.668     -1.373
099 154  79.010     76.941      2.069
099 155  81.994     80.722      1.272
099 156  84.089     79.052      5.037
100 146  70.191     69.796      0.395
100 148  71.898     72.570     -0.672
100 149  73.519     73.385      0.134
100 150  74.072     75.274     -1.202
100 151  75.959     76.203     -0.244
100 152  76.817     78.042     -1.225
100 153  79.346     79.016      0.330
100 154  80.903     80.295      0.608
100 155  83.800     81.482      2.318
100 156  85.485     82.075      3.410
100 157  88.590     83.584      5.006
101 148  77.181     73.571      3.610
101 149  78.399     77.826      0.573
101 150  78.967     76.034      2.933
101 151  80.467     80.151      0.316
101 154  84.842     81.695      3.147
101 156  88.992     84.196      4.796
101 157  91.690     86.485      5.205
102 150  82.871     79.779      3.092
102 151  84.359     80.515      3.844
102 152  84.723     82.646      2.077
102 153  86.812     82.941      3.871
102 154  87.823     85.051      2.772
102 155  90.247     85.316      4.931
102 157  94.079     87.678      6.401
103 150  88.523     81.250      7.273
103 151  89.646     84.135      5.511
103 152  89.947     83.643      6.304
103 153  91.747     86.007      5.740
104 152  94.222     86.756      7.466
104 153  95.866     87.112      8.754
104 154  96.344     89.447      6.897
104 157 101.318     91.004     10.314
105 152 100.154     90.196      9.958
105 153 101.508     91.795      9.713
105 154 101.991     92.152      9.839
106 154 106.547     97.710      8.837
106 155 108.005     96.926     11.079
106 156 108.369     99.169      9.200
107 154 113.079     99.304     13.775
107 155 114.252    100.555     13.697
108 156 119.563    104.011     15.552
108 157 120.900    105.401     15.499
108 158 121.140    105.718     15.422
109 157 127.673    104.811     22.862
110 159 134.835    109.218     25.617
110 160 134.682    107.814     26.868
