Z  N   AME2020   Prediction   Difference
000 001   8.071      8.061      0.010
001 000   7.289      7.280      0.009
001 001  13.136     13.130      0.006
001 002  14.950     14.870      0.080
001 003  24.621     24.701     -0.080
001 004  32.892     32.833      0.059
001 005  41.876     41.791      0.085
002 001  14.931     14.888      0.043
002 002   2.425      2.416      0.009
002 003  11.231     11.502     -0.271
002 004  17.592     15.755      1.837
002 005  26.073     25.940      0.133
002 006  31.610     32.031     -0.421
002 007  40.936     40.771      0.165
002 008  49.197     49.208     -0.011
003 001  25.323     25.258      0.065
003 002  11.679     14.640     -2.961
003 003  14.087     14.256     -0.169
003 004  14.907     14.710      0.197
003 005  20.946     20.187      0.759
003 006  24.955     25.086     -0.131
003 007  33.053     32.874      0.179
003 008  40.728     40.494      0.234
003 009  49.010     48.381      0.629
003 010  56.981     57.096     -0.115
004 002  18.375     18.321      0.054
004 003  15.769     15.503      0.266
004 004   4.942      4.979     -0.037
004 005  11.348     11.383     -0.035
004 006  12.607     10.506      2.101
004 007  20.177     20.382     -0.205
004 008  25.078     25.183     -0.105
004 009  33.659     33.499      0.160
004 010  39.955     39.989     -0.034
004 011  49.826     49.824      0.002
004 012  57.447     57.173      0.274
005 002  27.677     27.712     -0.035
005 003  22.922     22.746      0.176
005 004  12.416     12.546     -0.130
005 005  12.051     11.174      0.877
005 006   8.668      7.214      1.454
005 007  13.369     13.170      0.199
005 008  16.562     16.783     -0.221
005 009  23.664     23.660      0.004
005 010  28.957     29.137     -0.180
005 011  37.112     36.949      0.163
005 012  43.716     43.295      0.421
005 013  51.793     52.045     -0.252
005 014  59.770     59.428      0.342
005 015  69.402     69.272      0.130
005 016  78.383     78.278      0.105
006 002  35.064     35.147     -0.083
006 003  28.911     28.767      0.144
006 004  15.699     15.524      0.175
006 005  10.649     10.421      0.228
006 006   0.000      0.038     -0.038
006 007   3.125      3.135     -0.010
006 008   3.020      3.069     -0.049
006 009   9.873      9.812      0.061
006 010  13.694     13.700     -0.006
006 011  21.032     20.991      0.041
006 012  24.919     24.961     -0.042
006 013  32.414     32.644     -0.230
006 014  37.504     37.442      0.062
006 016  53.611     55.192     -1.581
007 003  38.800     38.809     -0.009
007 004  24.366     24.300      0.066
007 005  17.338     17.528     -0.190
007 006   5.345      5.248      0.097
007 007   2.863      3.350     -0.487
007 008   0.101      0.652     -0.551
007 009   5.684      5.392      0.292
007 010   7.870      7.635      0.235
007 011  13.113     12.989      0.124
007 012  15.856     15.770      0.086
007 013  21.766     21.190      0.576
007 014  25.232     25.216      0.016
007 015  31.765     31.863     -0.098
007 016  36.720     39.887     -3.167
008 003  47.739     47.726      0.013
008 004  32.013     31.944      0.069
008 005  23.115     23.167     -0.052
008 006   8.008      8.446     -0.438
008 007   2.856      4.481     -1.625
008 008  -4.737     -1.955     -2.782
008 009  -0.809     -0.654     -0.155
008 010  -0.783     -0.968      0.185
008 011   3.333      2.741      0.592
008 012   3.796      3.723      0.073
008 013   8.062      8.131     -0.069
008 014   9.283      9.781     -0.498
008 015  14.621     16.460     -1.839
008 016  18.500     18.793     -0.293
008 017  27.329     27.422     -0.093
008 018  34.661     34.711     -0.050
009 005  31.964     30.677      1.287
009 006  16.567     17.569     -1.002
009 007  10.675     10.496      0.179
009 008   1.952      1.759      0.193
009 009   0.873      0.851      0.022
009 010  -1.487     -1.718      0.231
009 011  -0.017      0.021     -0.038
009 012  -0.048      0.036     -0.084
009 013   2.793      2.962     -0.169
009 014   3.285      4.550     -1.265
009 015   7.545      8.861     -1.316
009 016  11.334     11.635     -0.301
009 017  18.675     18.882     -0.207
009 018  25.133     24.977      0.156
009 019  33.404     33.283      0.121
009 020  40.150     40.201     -0.051
010 005  40.215     38.292      1.923
010 006  23.987     23.798      0.189
010 007  16.500     16.739     -0.239
010 008   5.318      4.955      0.363
010 009   1.752      1.582      0.170
010 010  -7.042     -6.701     -0.341
010 011  -5.732     -5.792      0.060
010 012  -8.025     -8.213      0.188
010 013  -5.154     -6.135      0.981
010 014  -5.952     -5.967      0.015
010 015  -2.036     -1.976     -0.060
010 016   0.481      0.102      0.379
010 017   7.051      6.658      0.393
010 018  11.300      9.955      1.345
010 019  18.400     18.260      0.140
010 020  23.280     23.277      0.003
010 021  31.182     31.029      0.153
011 006  34.720     34.737     -0.017
011 007  25.038     24.891      0.147
011 008  12.929     12.866      0.063
011 009   6.850      6.502      0.348
011 010  -2.185     -2.327      0.142
011 011  -5.181     -5.290      0.109
011 012  -9.530     -9.260     -0.270
011 013  -8.418     -8.310     -0.108
011 014  -9.358     -8.150     -1.208
011 015  -6.861     -5.795     -1.066
011 016  -5.518     -5.071     -0.447
011 017  -0.988     -0.780     -0.208
011 018   2.680      1.989      0.691
011 019   8.475      8.484     -0.009
011 020  12.246     11.956      0.290
011 021  18.640     18.602      0.038
011 022  23.780     24.089     -0.309
011 023  31.680     31.660      0.020
012 007  31.838     31.799      0.039
012 008  17.478     17.496     -0.018
012 009  10.904     10.921     -0.017
012 010  -0.400     -0.593      0.193
012 011  -5.474     -5.230     -0.244
012 012 -13.934    -13.744     -0.190
012 013 -13.193    -13.133     -0.060
012 014 -16.215    -16.275      0.060
012 015 -14.587    -14.262     -0.325
012 016 -15.020    -14.911     -0.109
012 017 -10.612    -10.311     -0.301
012 018  -8.881     -8.874     -0.007
012 019  -3.122     -3.323      0.201
012 020  -0.829     -0.709     -0.120
012 021   4.963      5.326     -0.363
012 022   8.323      8.167      0.156
012 023  15.640     15.691     -0.051
012 024  20.380     20.389     -0.009
012 025  28.211     28.185      0.026
013 010   6.748      6.788     -0.040
013 011  -0.049     -0.074      0.025
013 012  -8.916     -8.089     -0.827
013 013 -12.210    -11.212     -0.998
013 014 -17.197    -16.997     -0.200
013 015 -16.851    -16.864      0.013
013 016 -18.208    -18.545      0.337
013 017 -15.864    -16.667      0.803
013 018 -14.951    -14.668     -0.283
013 019 -11.099     -9.966     -1.133
013 020  -8.497     -8.456     -0.041
013 021  -2.998     -2.980     -0.018
013 022  -0.224     -0.439      0.215
013 023   5.950      5.823      0.127
013 024   9.810      9.070      0.740
014 010  10.745     11.020     -0.275
014 011   3.827      4.065     -0.238
014 012  -7.141     -7.151      0.010
014 013 -12.385    -12.752      0.367
014 014 -21.493    -21.669      0.176
014 015 -21.895    -21.708     -0.187
014 016 -24.433    -24.229     -0.204
014 017 -22.949    -23.386      0.437
014 018 -24.078    -23.871     -0.207
014 019 -20.514    -19.607     -0.907
014 020 -19.992    -19.876     -0.116
014 021 -14.391    -14.110     -0.281
014 022 -12.436    -12.526      0.090
014 023  -6.572     -6.830      0.258
014 024  -4.170     -4.059     -0.111
014 025   2.320      1.921      0.399
014 026   5.667      5.587      0.080
015 012  -0.659     -0.554     -0.105
015 013  -7.148     -7.121     -0.027
015 014 -16.953    -16.035     -0.918
015 015 -20.201    -19.885     -0.316
015 016 -24.441    -24.325     -0.116
015 017 -24.305    -24.019     -0.286
015 018 -26.337    -26.179     -0.158
015 019 -24.549    -24.311     -0.238
015 020 -24.858    -24.658     -0.200
015 021 -20.251    -20.206     -0.045
015 022 -18.996    -18.961     -0.035
015 023 -14.622    -14.834      0.212
015 024 -12.775    -12.714     -0.061
015 025  -8.139     -8.102     -0.037
015 026  -4.980     -4.795     -0.185
015 027   1.092      1.159     -0.067
016 012   4.073      3.787      0.286
016 013  -3.094     -3.565      0.471
016 014 -14.059    -14.041     -0.018
016 015 -19.043    -18.992     -0.051
016 016 -26.016    -25.769     -0.247
016 017 -26.586    -26.630      0.044
016 018 -29.932    -28.800     -1.132
016 019 -28.846    -28.579     -0.267
016 020 -30.664    -30.375     -0.289
016 021 -26.896    -27.183      0.287
016 022 -26.861    -27.195      0.334
016 023 -23.163    -23.924      0.761
016 024 -22.838    -22.744     -0.094
016 025 -19.009    -18.717     -0.292
016 026 -17.638    -16.554     -1.084
016 027 -12.195    -12.263      0.068
016 028  -9.204     -9.183     -0.021
017 013   4.675      0.469      4.206
017 014  -7.035     -7.220      0.185
017 015 -13.335    -13.348      0.013
017 016 -21.003    -21.039      0.036
017 017 -24.440    -24.721      0.281
017 018 -29.014    -28.973     -0.041
017 019 -29.522    -28.126     -1.396
017 020 -31.762    -31.797      0.035
017 021 -29.798    -29.780     -0.018
017 022 -29.800    -29.966      0.166
017 023 -27.558    -28.115      0.557
017 024 -27.307    -27.120     -0.187
017 025 -24.832    -24.616     -0.216
017 026 -24.160    -23.821     -0.339
017 027 -20.479    -20.519      0.040
017 028 -18.263    -18.439      0.176
017 029 -13.735    -13.593     -0.142
018 014  -2.200     -2.175     -0.025
018 015  -9.384     -9.213     -0.171
018 016 -18.378    -17.907     -0.471
018 017 -23.047    -23.017     -0.030
018 018 -30.232    -30.217     -0.015
018 019 -30.948    -30.787     -0.161
018 020 -34.715    -34.586     -0.129
018 021 -33.242    -33.163     -0.079
018 022 -35.040    -35.372      0.332
018 023 -33.068    -33.202      0.134
018 024 -34.423    -34.395     -0.028
018 025 -32.010    -32.245      0.235
018 026 -32.673    -32.628     -0.045
018 027 -29.771    -30.712      0.941
018 028 -29.771    -29.789      0.018
018 029 -25.367    -25.434      0.067
018 030 -22.355    -22.535      0.180
019 016 -11.173    -10.977     -0.196
019 017 -17.417    -17.751      0.334
019 018 -24.800    -24.697     -0.103
019 019 -28.801    -28.781     -0.020
019 020 -33.807    -33.722     -0.085
019 021 -33.535    -33.390     -0.145
019 022 -35.560    -35.966      0.406
019 023 -35.022    -35.548      0.526
019 024 -36.575    -36.527     -0.048
019 025 -35.781    -36.386      0.605
019 026 -36.616    -36.915      0.299
019 027 -35.414    -35.723      0.309
019 028 -35.712    -35.810      0.098
019 029 -32.284    -32.312      0.028
019 030 -29.611    -29.957      0.346
019 031 -25.728    -25.896      0.168
019 032 -22.515    -22.443     -0.072
019 033 -17.138    -16.303     -0.835
019 034 -12.296    -11.896     -0.400
020 016  -6.451     -6.487      0.036
020 017 -13.136    -13.176      0.040
020 018 -22.059    -22.265      0.206
020 019 -27.283    -26.929     -0.354
020 020 -34.846    -34.736     -0.110
020 021 -35.138    -35.081     -0.057
020 022 -38.547    -39.008      0.461
020 023 -38.409    -38.221     -0.188
020 024 -41.469    -41.155     -0.314
020 025 -40.812    -40.769     -0.043
020 026 -43.140    -43.130     -0.010
020 027 -42.345    -42.456      0.111
020 028 -44.225    -43.956     -0.269
020 029 -41.300    -41.065     -0.235
020 030 -39.589    -39.515     -0.074
020 031 -36.332    -36.126     -0.206
020 032 -34.266    -34.114     -0.152
020 033 -29.388    -28.902     -0.486
020 034 -25.161    -25.069     -0.092
020 035 -18.650    -18.732      0.082
020 036 -13.510    -13.399     -0.111
021 018 -14.173    -14.110     -0.063
021 019 -20.523    -20.582      0.059
021 020 -28.642    -29.609      0.967
021 021 -32.121    -32.154      0.033
021 022 -36.188    -37.350      1.162
021 023 -37.816    -37.710     -0.106
021 024 -41.072    -40.897     -0.175
021 025 -41.762    -41.131     -0.631
021 026 -44.337    -44.143     -0.194
021 027 -44.504    -44.165     -0.339
021 028 -46.562    -46.063     -0.499
021 029 -44.537    -44.258     -0.279
021 030 -43.250    -43.122     -0.128
021 031 -40.524    -40.205     -0.319
021 032 -38.770    -38.106     -0.664
021 033 -34.438    -33.946     -0.492
021 034 -30.842    -30.856      0.014
021 035 -25.516    -25.610      0.094
021 036 -21.380    -21.273     -0.107
021 037 -15.480    -15.431     -0.049
021 038 -10.830    -11.196      0.366
022 018  -8.993     -9.011      0.018
022 019 -15.698    -15.692     -0.006
022 020 -25.104    -24.966     -0.138
022 021 -29.316    -29.144     -0.172
022 022 -37.549    -37.588      0.039
022 023 -39.010    -39.020      0.010
022 024 -44.128    -42.792     -1.336
022 025 -44.938    -44.318     -0.620
022 026 -48.493    -48.258     -0.235
022 027 -48.564    -48.677      0.113
022 028 -51.432    -51.479      0.047
022 029 -49.733    -49.474     -0.259
022 030 -49.478    -49.688      0.210
022 031 -46.881    -46.799     -0.082
022 032 -45.744    -45.288     -0.456
022 033 -41.832    -41.654     -0.178
022 034 -39.423    -39.548      0.125
022 035 -34.402    -34.732      0.330
022 036 -30.918    -31.431      0.513
022 038 -22.100    -22.434      0.334
023 020 -17.916    -17.731     -0.185
023 021 -23.808    -22.626     -1.182
023 022 -31.886    -32.135      0.249
023 023 -37.076    -37.016     -0.060
023 024 -42.007    -41.833     -0.174
023 025 -44.478    -44.323     -0.155
023 026 -47.962    -47.994      0.032
023 027 -49.223    -49.948      0.725
023 028 -52.203    -52.580      0.377
023 029 -51.443    -51.842      0.399
023 030 -51.852    -51.922      0.070
023 031 -49.898    -50.083      0.185
023 032 -49.125    -49.165      0.040
023 033 -46.183    -46.230      0.047
023 034 -44.435    -44.256     -0.179
023 035 -40.431    -40.451      0.020
023 036 -37.611    -38.097      0.486
023 037 -33.087    -33.374      0.287
023 038 -30.177    -30.079     -0.098
023 039 -25.213    -25.186     -0.027
023 040 -21.740    -21.740      0.000
024 020 -13.422    -12.799     -0.623
024 021 -19.515    -19.425     -0.090
024 022 -29.472    -29.333     -0.139
024 023 -34.563    -34.413     -0.150
024 024 -42.821    -42.772     -0.049
024 025 -45.332    -44.971     -0.361
024 026 -50.261    -50.134     -0.127
024 027 -51.451    -51.809      0.358
024 028 -55.420    -55.932      0.512
024 029 -55.288    -55.040     -0.248
024 030 -56.935    -56.778     -0.157
024 031 -55.110    -54.600     -0.510
024 032 -55.285    -55.127     -0.158
024 033 -52.525    -52.374     -0.151
024 034 -51.992    -51.727     -0.265
024 035 -48.116    -48.091     -0.025
024 036 -46.909    -46.901     -0.008
024 037 -42.497    -42.347     -0.150
024 038 -40.853    -40.679     -0.174
024 039 -36.178    -36.018     -0.160
024 040 -33.640    -33.251     -0.389
025 021 -12.418    -12.401     -0.017
025 022 -22.566    -22.385     -0.181
025 023 -29.297    -29.204     -0.093
025 024 -37.620    -37.646      0.026
025 025 -42.627    -42.433     -0.194
025 026 -48.243    -46.880     -1.363
025 027 -50.711    -49.925     -0.786
025 028 -54.690    -54.653     -0.037
025 029 -55.558    -55.613      0.055
025 030 -57.713    -57.260     -0.453
025 031 -56.912    -56.685     -0.227
025 032 -57.486    -57.228     -0.258
025 033 -55.828    -55.576     -0.252
025 034 -55.525    -55.399     -0.126
025 035 -52.968    -52.774     -0.194
025 036 -51.742    -51.612     -0.130
025 037 -48.524    -48.174     -0.350
025 038 -46.887    -46.276     -0.611
025 039 -42.989    -41.868     -1.121
025 040 -40.967    -40.356     -0.611
025 041 -36.750    -36.491     -0.259
026 022 -18.009    -18.219      0.210
026 023 -24.751    -25.627      0.876
026 024 -34.476    -35.053      0.577
026 025 -40.189    -39.985     -0.204
026 026 -48.332    -47.960     -0.372
026 027 -50.947    -50.701     -0.246
026 028 -56.255    -56.382      0.127
026 029 -57.481    -57.206     -0.275
026 030 -60.607    -60.514     -0.093
026 031 -60.182    -59.794     -0.388
026 032 -62.155    -61.798     -0.357
026 033 -60.665    -60.171     -0.494
026 034 -61.413    -61.140     -0.273
026 035 -58.921    -58.849     -0.072
026 036 -58.878    -59.034      0.156
026 037 -55.636    -56.223      0.587
026 038 -54.970    -55.291      0.321
026 039 -51.218    -51.470      0.252
026 040 -50.068    -49.846     -0.222
026 041 -45.708    -45.045     -0.663
027 023 -17.589    -18.984      1.395
027 024 -27.342    -26.937     -0.405
027 025 -34.344    -34.243     -0.101
027 026 -42.659    -42.056     -0.603
027 027 -48.010    -47.666     -0.344
027 028 -54.030    -53.828     -0.202
027 029 -56.041    -55.780     -0.261
027 030 -59.346    -59.260     -0.086
027 031 -59.847    -59.862      0.015
027 032 -62.230    -62.043     -0.187
027 033 -61.650    -61.520     -0.130
027 034 -62.898    -62.966      0.068
027 035 -61.424    -61.577      0.153
027 036 -61.852    -62.265      0.413
027 037 -59.792    -60.051      0.259
027 038 -59.185    -59.399      0.214
027 039 -56.409    -56.278     -0.131
027 040 -55.322    -55.178     -0.144
027 041 -51.643    -51.762      0.119
027 042 -50.385    -50.202     -0.183
027 043 -46.525    -46.343     -0.182
027 044 -44.370    -44.772      0.402
028 024 -22.560    -22.497     -0.063
028 025 -29.631    -31.343      1.712
028 026 -39.278    -39.129     -0.149
028 027 -45.336    -45.481      0.145
028 028 -53.908    -53.590     -0.318
028 029 -56.084    -56.072     -0.012
028 030 -60.229    -60.358      0.129
028 031 -61.157    -61.458      0.301
028 032 -64.473    -64.569      0.096
028 033 -64.222    -64.361      0.139
028 034 -66.746    -66.588     -0.158
028 035 -65.513    -65.348     -0.165
028 036 -67.099    -67.208      0.109
028 037 -65.126    -65.160      0.034
028 038 -66.006    -66.446      0.440
028 039 -63.743    -63.623     -0.120
028 040 -63.464    -63.348     -0.116
028 041 -59.979    -59.738     -0.241
028 042 -59.214    -59.059     -0.155
028 043 -55.406    -55.226     -0.180
028 044 -54.226    -54.343      0.117
028 045 -50.108    -50.062     -0.046
029 026 -31.635    -32.036      0.401
029 027 -38.630    -38.814      0.184
029 028 -47.309    -47.149     -0.160
029 029 -51.668    -51.407     -0.261
029 030 -56.358    -56.579      0.221
029 031 -58.345    -58.416      0.071
029 032 -61.984    -62.247      0.263
029 033 -62.788    -62.732     -0.056
029 034 -65.580    -65.574     -0.006
029 035 -65.424    -65.256     -0.168
029 036 -67.264    -67.104     -0.160
029 037 -66.258    -65.817     -0.441
029 038 -67.320    -67.200     -0.120
029 039 -65.567    -65.422     -0.145
029 040 -65.736    -66.078      0.342
029 041 -62.976    -63.449      0.473
029 042 -62.711    -63.188      0.477
029 043 -59.783    -59.776     -0.007
029 044 -58.987    -59.318      0.331
029 045 -56.006    -55.598     -0.408
029 046 -54.470    -54.518      0.048
029 047 -50.982    -50.875     -0.107
029 048 -48.863    -48.659     -0.204
029 049 -44.789    -45.335      0.546
029 050 -42.408    -43.599      1.191
030 028 -42.299    -42.338      0.039
030 029 -47.216    -47.249      0.033
030 030 -54.174    -54.086     -0.088
030 031 -56.349    -56.665      0.316
030 032 -61.168    -61.333      0.165
030 033 -62.213    -62.762      0.549
030 034 -66.004    -65.926     -0.078
030 035 -65.912    -65.735     -0.177
030 036 -68.899    -68.658     -0.241
030 037 -67.880    -67.632     -0.248
030 038 -70.007    -70.104      0.097
030 039 -68.418    -68.558      0.140
030 040 -69.565    -70.334      0.769
030 041 -67.329    -67.545      0.216
030 042 -68.145    -68.471      0.326
030 043 -65.593    -65.377     -0.216
030 044 -65.757    -65.337     -0.420
030 045 -62.559    -62.378     -0.181
030 046 -62.303    -61.824     -0.479
030 047 -58.789    -58.764     -0.025
030 048 -57.483    -57.621      0.138
030 049 -53.432    -53.603      0.171
030 050 -51.649    -51.602     -0.047
030 051 -46.200    -46.131     -0.069
030 052 -42.314    -42.378      0.064
031 030 -47.135    -47.153      0.018
031 031 -51.987    -51.402     -0.585
031 032 -56.547    -56.431     -0.116
031 033 -58.833    -58.876      0.043
031 034 -62.657    -62.659      0.002
031 035 -63.724    -63.547     -0.177
031 036 -66.879    -66.680     -0.199
031 037 -67.086    -66.670     -0.416
031 038 -69.328    -69.165     -0.163
031 039 -68.910    -68.774     -0.136
031 040 -70.139    -70.201      0.062
031 041 -68.588    -68.841      0.253
031 042 -69.699    -69.865      0.166
031 043 -68.050    -67.950     -0.100
031 044 -68.461    -68.220     -0.241
031 045 -66.297    -65.961     -0.336
031 046 -65.992    -65.766     -0.226
031 047 -63.704    -63.012     -0.692
031 048 -62.548    -62.395     -0.153
031 049 -59.224    -59.240      0.016
031 050 -57.628    -57.829      0.201
031 051 -52.931    -52.604     -0.327
031 052 -49.257    -48.530     -0.727
031 053 -44.094    -44.105      0.011
031 054 -39.744    -39.682     -0.062
032 031 -46.921    -47.113      0.192
032 032 -54.316    -54.372      0.056
032 033 -56.478    -56.299     -0.179
032 034 -61.607    -61.904      0.297
032 035 -62.674    -62.778      0.104
032 036 -66.979    -67.148      0.169
032 037 -67.101    -66.817     -0.284
032 038 -70.562    -70.663      0.101
032 039 -69.907    -69.813     -0.094
032 040 -72.586    -72.647      0.061
032 041 -71.298    -71.264     -0.034
032 042 -73.422    -73.246     -0.176
032 043 -71.857    -71.758     -0.099
032 044 -73.213    -73.210     -0.003
032 045 -71.213    -71.195     -0.018
032 046 -71.862    -71.699     -0.163
032 047 -69.527    -69.341     -0.186
032 048 -69.535    -69.039     -0.496
032 049 -66.292    -66.532      0.240
032 050 -65.415    -65.414     -0.001
032 051 -60.976    -60.780     -0.196
032 052 -58.148    -57.902     -0.246
032 053 -53.123    -52.709     -0.414
032 054 -49.400    -49.141     -0.259
033 032 -46.937    -47.047      0.110
033 033 -52.025    -51.956     -0.069
033 034 -56.587    -56.309     -0.278
033 035 -58.895    -58.872     -0.023
033 036 -63.112    -62.958     -0.154
033 037 -64.334    -64.122     -0.212
033 038 -67.893    -67.644     -0.249
033 039 -68.230    -68.287      0.057
033 040 -70.953    -70.906     -0.047
033 041 -70.860    -70.920      0.060
033 042 -73.034    -72.911     -0.123
033 043 -72.291    -72.003     -0.288
033 044 -73.916    -73.869     -0.047
033 045 -72.817    -72.629     -0.188
033 046 -73.636    -73.610     -0.026
033 047 -72.215    -71.954     -0.261
033 048 -72.533    -72.334     -0.199
033 049 -70.105    -70.303      0.198
033 050 -69.669    -69.461     -0.208
033 051 -65.854    -65.626     -0.228
033 052 -63.189    -62.996     -0.193
033 053 -58.962    -58.785     -0.177
033 054 -55.618    -55.106     -0.512
034 033 -46.580    -46.581      0.001
034 034 -54.189    -54.700      0.511
034 035 -56.435    -56.183     -0.252
034 036 -61.930    -61.918     -0.012
034 037 -63.147    -63.212      0.065
034 038 -67.868    -67.843     -0.025
034 039 -68.227    -68.000     -0.227
034 040 -72.213    -72.061     -0.152
034 041 -72.169    -71.857     -0.312
034 042 -75.252    -74.960     -0.292
034 043 -74.600    -74.535     -0.065
034 044 -77.026    -76.875     -0.151
034 045 -75.917    -75.932      0.015
034 046 -77.759    -77.779      0.020
034 047 -76.389    -76.440      0.051
034 048 -77.594    -77.530     -0.064
034 049 -75.341    -75.425      0.084
034 050 -75.948    -75.784     -0.164
034 051 -72.414    -72.341     -0.073
034 052 -70.503    -70.277     -0.226
034 053 -66.426    -66.202     -0.224
034 054 -63.884    -63.756     -0.128
034 055 -58.992    -58.833     -0.159
034 056 -55.800    -55.709     -0.091
034 057 -50.580    -50.560     -0.020
035 034 -46.259    -46.417      0.158
035 035 -51.426    -51.300     -0.126
035 036 -56.502    -56.165     -0.337
035 037 -59.062    -59.133      0.071
035 038 -63.646    -63.565     -0.081
035 039 -65.288    -65.409      0.121
035 040 -69.107    -69.038     -0.069
035 041 -70.289    -70.189     -0.100
035 042 -73.235    -73.105     -0.130
035 043 -73.452    -73.305     -0.147
035 044 -76.068    -76.063     -0.005
035 045 -75.889    -75.850     -0.039
035 046 -77.977    -77.989      0.012
035 047 -77.499    -77.367     -0.132
035 048 -79.014    -78.989     -0.025
035 049 -77.783    -77.810      0.027
035 050 -78.575    -78.513     -0.062
035 051 -75.632    -75.453     -0.179
035 052 -73.892    -73.770     -0.122
035 053 -70.716    -70.412     -0.304
035 054 -68.274    -68.163     -0.111
035 055 -64.000    -63.890     -0.110
035 056 -61.107    -61.109      0.002
035 057 -56.233    -56.269      0.036
035 058 -52.890    -52.946      0.056
036 035 -46.327    -46.002     -0.325
036 036 -53.941    -53.796     -0.145
036 037 -56.552    -56.413     -0.139
036 038 -62.332    -62.151     -0.181
036 039 -64.324    -64.157     -0.167
036 040 -69.014    -68.894     -0.120
036 041 -70.169    -69.956     -0.213
036 042 -74.178    -74.206      0.028
036 043 -74.442    -74.291     -0.151
036 044 -77.893    -77.813     -0.080
036 045 -77.696    -77.753      0.057
036 046 -80.592    -80.624      0.032
036 047 -79.991    -80.290      0.299
036 048 -82.439    -82.622      0.183
036 049 -81.480    -81.404     -0.076
036 050 -83.266    -83.151     -0.115
036 051 -80.710    -80.298     -0.412
036 052 -79.691    -79.558     -0.133
036 053 -76.536    -76.418     -0.118
036 054 -74.959    -74.702     -0.257
036 055 -70.974    -70.887     -0.087
036 056 -68.769    -68.574     -0.195
036 057 -64.136    -63.897     -0.239
036 058 -61.348    -61.232     -0.116
036 059 -56.159    -56.200      0.041
036 060 -53.082    -53.412      0.330
036 061 -47.424    -48.180      0.756
037 036 -46.012    -45.962     -0.050
037 037 -51.916    -51.849     -0.067
037 038 -57.219    -56.735     -0.484
037 039 -60.479    -60.471     -0.008
037 040 -64.830    -64.770     -0.060
037 041 -66.935    -66.904     -0.031
037 042 -70.803    -70.751     -0.052
037 043 -72.175    -71.877     -0.298
037 044 -75.457    -75.255     -0.202
037 045 -76.188    -76.284      0.096
037 046 -79.071    -79.273      0.202
037 047 -79.759    -79.888      0.129
037 048 -82.167    -82.865      0.698
037 049 -82.747    -82.814      0.067
037 050 -84.598    -84.631      0.033
037 051 -82.609    -82.400     -0.209
037 052 -81.712    -81.594     -0.118
037 053 -79.366    -79.092     -0.274
037 054 -77.745    -77.730     -0.015
037 055 -74.772    -74.370     -0.402
037 056 -72.620    -72.461     -0.159
037 057 -68.563    -68.432     -0.131
037 058 -65.890    -65.948      0.058
037 059 -61.354    -61.561      0.207
037 060 -58.519    -58.529      0.010
037 061 -54.369    -54.269     -0.100
037 062 -51.121    -51.108     -0.013
037 063 -46.266    -46.371      0.105
037 064 -42.567    -42.477     -0.090
037 065 -37.252    -37.198     -0.054
038 037 -46.619    -46.864      0.245
038 038 -54.248    -54.344      0.096
038 039 -57.803    -57.448     -0.355
038 040 -63.174    -62.982     -0.192
038 041 -65.480    -65.182     -0.298
038 042 -70.311    -70.179     -0.132
038 043 -71.528    -71.270     -0.258
038 044 -76.010    -75.955     -0.055
038 045 -76.798    -76.742     -0.056
038 046 -80.650    -80.584     -0.066
038 047 -81.103    -81.492      0.389
038 048 -84.523    -84.563      0.040
038 049 -84.880    -85.187      0.307
038 050 -87.922    -87.843     -0.079
038 051 -86.209    -85.863     -0.346
038 052 -85.951    -85.797     -0.154
038 053 -83.652    -83.805      0.153
038 054 -82.867    -82.783     -0.084
038 055 -80.086    -79.991     -0.095
038 056 -78.846    -78.512     -0.334
038 057 -75.117    -74.871     -0.246
038 058 -72.918    -72.885     -0.033
038 059 -68.581    -68.635      0.054
038 060 -66.422    -66.614      0.192
038 061 -62.519    -62.184     -0.335
038 062 -59.818    -59.718     -0.100
038 063 -55.325    -55.480      0.155
038 064 -52.159    -52.646      0.487
039 040 -57.803    -57.768     -0.035
039 041 -61.148    -61.032     -0.116
039 042 -65.713    -65.648     -0.065
039 043 -68.064    -67.981     -0.083
039 044 -72.206    -72.272      0.066
039 045 -73.894    -74.104      0.210
039 046 -77.842    -77.482     -0.360
039 047 -79.283    -79.133     -0.150
039 048 -83.018    -82.854     -0.164
039 049 -84.299    -84.211     -0.088
039 050 -87.711    -87.531     -0.180
039 051 -86.497    -85.856     -0.641
039 052 -86.351    -86.235     -0.116
039 053 -84.816    -84.853      0.037
039 054 -84.227    -84.058     -0.169
039 055 -82.351    -82.380      0.029
039 056 -81.208    -80.920     -0.288
039 057 -78.330    -77.891     -0.439
039 058 -76.115    -76.288      0.173
039 059 -72.289    -72.369      0.080
039 060 -70.644    -70.578     -0.066
039 061 -67.321    -67.173     -0.148
039 062 -65.055    -64.751     -0.304
039 063 -61.173    -60.944     -0.229
039 064 -58.457    -57.648     -0.809
040 041 -57.524    -57.638      0.114
040 042 -63.614    -63.610     -0.004
040 043 -65.912    -65.909     -0.003
040 044 -71.422    -71.463      0.041
040 045 -73.175    -73.002     -0.173
040 046 -77.969    -77.743     -0.226
040 047 -79.347    -79.179     -0.168
040 048 -83.629    -83.748      0.119
040 049 -84.878    -85.006      0.128
040 050 -88.773    -88.652     -0.121
040 051 -87.896    -87.389     -0.507
040 052 -88.459    -88.111     -0.348
040 053 -87.122    -86.647     -0.475
040 054 -87.269    -87.038     -0.231
040 055 -85.660    -85.184     -0.476
040 056 -85.439    -84.866     -0.573
040 057 -82.937    -82.599     -0.338
040 058 -81.282    -81.452      0.170
040 059 -77.617    -78.035      0.418
040 060 -76.373    -76.720      0.347
040 061 -73.161    -72.861     -0.300
040 062 -71.581    -71.395     -0.186
040 063 -67.809    -67.564     -0.245
040 064 -65.718    -65.519     -0.199
040 065 -61.458    -61.368     -0.090
041 042 -57.613    -57.450     -0.163
041 043 -61.194    -61.014     -0.180
041 044 -66.280    -66.100     -0.180
041 045 -69.134    -68.748     -0.386
041 046 -73.874    -73.837     -0.037
041 047 -76.172    -76.083     -0.089
041 048 -80.626    -80.784      0.158
041 049 -82.662    -82.866      0.204
041 050 -86.638    -86.439     -0.199
041 051 -86.453    -86.000     -0.453
041 052 -87.213    -87.081     -0.132
041 053 -86.369    -85.795     -0.574
041 054 -86.786    -86.600     -0.186
041 055 -85.603    -85.016     -0.587
041 056 -85.603    -85.005     -0.598
041 057 -83.525    -83.138     -0.387
041 058 -82.335    -82.220     -0.115
041 059 -79.791    -80.039      0.248
041 060 -78.891    -79.173      0.282
041 061 -76.298    -76.201     -0.097
041 062 -75.029    -74.882     -0.147
041 063 -71.811    -71.414     -0.397
041 064 -69.916    -69.608     -0.308
041 065 -66.203    -65.928     -0.275
041 066 -63.724    -63.584     -0.140
041 067 -59.545    -59.607      0.062
041 068 -56.690    -56.684     -0.006
041 069 -52.310    -51.962     -0.348
042 043 -57.510    -57.544      0.034
042 044 -64.111    -63.974     -0.137
042 045 -66.885    -66.574     -0.311
042 046 -72.687    -72.526     -0.161
042 047 -75.015    -75.145      0.130
042 048 -80.173    -80.273      0.100
042 049 -82.209    -82.374      0.165
042 050 -86.809    -86.614     -0.195
042 051 -86.807    -86.539     -0.268
042 052 -88.414    -87.861     -0.553
042 053 -87.712    -87.538     -0.174
042 054 -88.795    -88.547     -0.248
042 055 -87.545    -87.194     -0.351
042 056 -88.116    -87.959     -0.157
042 057 -85.970    -85.999      0.029
042 058 -86.193    -86.042     -0.151
042 059 -83.520    -83.740      0.220
042 060 -83.561    -83.641      0.080
042 061 -80.954    -80.892     -0.062
042 062 -80.344    -80.118     -0.226
042 063 -77.331    -77.165     -0.166
042 064 -76.128    -75.935     -0.193
042 065 -72.545    -72.406     -0.139
042 066 -70.749    -70.710     -0.039
042 067 -66.659    -66.512     -0.147
042 068 -64.536    -64.101     -0.435
042 069 -59.940    -59.690     -0.250
043 044 -57.690    -57.495     -0.195
043 045 -61.670    -60.919     -0.751
043 046 -67.395    -67.274     -0.121
043 047 -70.725    -70.373     -0.352
043 048 -75.987    -76.066      0.079
043 049 -78.926    -78.890     -0.036
043 050 -83.606    -83.375     -0.231
043 051 -84.158    -83.830     -0.328
043 052 -86.021    -85.573     -0.448
043 053 -85.822    -85.407     -0.415
043 054 -87.224    -86.897     -0.327
043 055 -86.432    -86.453      0.021
043 056 -87.328    -87.568      0.240
043 057 -86.021    -86.020     -0.001
043 058 -86.345    -86.537      0.192
043 059 -84.573    -84.531     -0.042
043 060 -84.604    -84.544     -0.060
043 061 -82.499    -82.462     -0.037
043 062 -82.286    -81.892     -0.394
043 063 -79.776    -79.677     -0.099
043 064 -78.750    -78.819      0.069
043 065 -75.923    -75.859     -0.064
043 066 -74.283    -74.340      0.057
043 067 -71.035    -71.169      0.134
043 068 -69.025    -69.132      0.107
043 069 -65.259    -65.092     -0.167
043 070 -62.812    -62.675     -0.137
043 071 -58.600    -58.401     -0.199
044 045 -58.369    -57.851     -0.518
044 046 -64.884    -64.615     -0.269
044 047 -68.240    -68.200     -0.040
044 048 -74.301    -74.549      0.248
044 049 -77.217    -77.340      0.123
044 050 -82.584    -82.532     -0.052
044 051 -83.458    -82.963     -0.495
044 052 -86.080    -85.897     -0.183
044 053 -86.121    -86.000     -0.121
044 054 -88.225    -87.954     -0.271
044 055 -87.625    -87.722      0.097
044 056 -89.227    -89.176     -0.051
044 057 -87.958    -88.429      0.471
044 058 -89.106    -89.232      0.126
044 059 -87.267    -87.263     -0.004
044 060 -88.096    -87.884     -0.212
044 061 -85.935    -85.642     -0.293
044 062 -86.323    -85.751     -0.572
044 063 -83.863    -83.551     -0.312
044 064 -83.661    -83.399     -0.262
044 065 -80.738    -80.838      0.100
044 066 -80.073    -79.849     -0.224
044 067 -76.785    -76.771     -0.014
044 068 -75.631    -75.528     -0.103
044 069 -71.868    -71.951      0.083
044 070 -70.221    -69.929     -0.292
044 071 -66.105    -65.796     -0.309
044 072 -64.069    -64.017     -0.052
044 073 -59.490    -59.572      0.082
045 047 -62.999    -63.203      0.204
045 048 -69.012    -69.100      0.088
045 049 -72.908    -72.911      0.003
045 050 -78.341    -78.145     -0.196
045 051 -79.688    -79.573     -0.115
045 052 -82.598    -82.450     -0.148
045 053 -83.175    -82.993     -0.182
045 054 -85.585    -85.485     -0.100
045 055 -85.591    -85.474     -0.117
045 056 -87.412    -87.083     -0.329
045 057 -86.783    -86.732     -0.051
045 058 -88.032    -88.084      0.052
045 059 -86.959    -86.801     -0.158
045 060 -87.851    -87.680     -0.171
045 061 -86.363    -86.135     -0.228
045 062 -86.864    -86.667     -0.197
045 063 -85.031    -84.842     -0.189
045 064 -84.999    -84.689     -0.310
045 065 -82.829    -82.714     -0.115
045 066 -82.304    -82.007     -0.297
045 067 -79.731    -79.316     -0.415
045 068 -78.767    -78.493     -0.274
045 069 -75.710    -75.598     -0.112
045 070 -74.229    -74.254      0.025
045 071 -70.736    -70.672     -0.064
045 072 -68.897    -68.659     -0.238
045 073 -64.887    -64.751     -0.136
045 074 -62.823    -62.543     -0.280
045 076 -56.250    -56.335      0.085
046 046 -54.779    -54.663     -0.116
046 047 -58.982    -59.149      0.167
046 048 -66.102    -66.164      0.062
046 049 -69.966    -69.939     -0.027
046 050 -76.183    -76.076     -0.107
046 051 -77.806    -77.466     -0.340
046 052 -81.321    -81.115     -0.206
046 053 -82.183    -82.108     -0.075
046 054 -85.213    -85.428      0.215
046 055 -85.432    -85.610      0.178
046 056 -87.903    -88.020      0.117
046 057 -87.457    -87.434     -0.023
046 058 -89.395    -89.304     -0.091
046 059 -88.418    -88.467      0.049
046 060 -89.908    -89.846     -0.062
046 061 -88.373    -88.289     -0.084
046 062 -89.524    -89.403     -0.121
046 063 -87.606    -87.577     -0.029
046 064 -88.331    -88.042     -0.289
046 065 -85.986    -85.911     -0.075
046 066 -86.321    -86.056     -0.265
046 067 -83.590    -83.405     -0.185
046 068 -83.490    -83.238     -0.252
046 069 -80.426    -80.356     -0.070
046 070 -79.831    -79.929      0.098
046 071 -76.424    -76.493      0.069
046 072 -75.388    -75.163     -0.225
046 073 -71.407    -71.617      0.210
046 074 -70.280    -70.267     -0.013
046 075 -66.182    -66.053     -0.129
046 076 -64.616    -64.580     -0.036
046 077 -60.430    -60.317     -0.113
047 049 -64.512    -64.571      0.059
047 050 -70.904    -70.611     -0.293
047 051 -73.066    -72.698     -0.368
047 052 -76.712    -76.383     -0.329
047 053 -78.138    -78.174      0.036
047 054 -81.334    -81.084     -0.250
047 055 -82.247    -82.301      0.054
047 056 -84.803    -84.866      0.063
047 057 -85.116    -85.027     -0.089
047 058 -87.071    -86.955     -0.116
047 059 -86.942    -86.760     -0.182
047 060 -88.407    -88.237     -0.170
047 061 -87.607    -87.586     -0.021
047 062 -88.719    -88.614     -0.105
047 063 -87.457    -87.302     -0.155
047 064 -88.215    -88.249      0.034
047 065 -86.584    -86.509     -0.075
047 066 -87.027    -87.171      0.144
047 067 -84.931    -84.874     -0.057
047 068 -84.983    -85.276      0.293
047 069 -82.543    -82.507     -0.036
047 070 -82.182    -82.135     -0.047
047 071 -79.554    -79.284     -0.270
047 072 -78.646    -78.645     -0.001
047 073 -75.652    -75.511     -0.141
047 074 -74.403    -74.342     -0.061
047 075 -71.106    -71.097     -0.009
047 076 -69.569    -69.520     -0.049
047 077 -66.230    -66.433      0.203
047 078 -64.520    -64.323     -0.197
048 049 -60.734    -60.653     -0.081
048 050 -67.636    -67.506     -0.130
048 051 -69.931    -69.624     -0.307
048 052 -74.195    -74.191     -0.004
048 053 -75.836    -75.623     -0.213
048 054 -79.660    -79.356     -0.304
048 055 -80.652    -80.427     -0.225
048 056 -83.968    -83.911     -0.057
048 057 -84.334    -84.175     -0.159
048 058 -87.132    -87.131     -0.001
048 059 -86.990    -87.006      0.016
048 060 -89.252    -89.329      0.077
048 061 -88.504    -88.453     -0.051
048 062 -90.348    -90.148     -0.200
048 063 -89.252    -88.974     -0.278
048 064 -90.575    -90.452     -0.123
048 065 -89.043    -88.903     -0.140
048 066 -90.015    -89.844     -0.171
048 067 -88.084    -88.122      0.038
048 068 -88.712    -88.895      0.183
048 069 -86.418    -86.328     -0.090
048 070 -86.702    -86.737      0.035
048 071 -83.977    -83.856     -0.121
048 072 -83.957    -83.656     -0.301
048 073 -81.074    -80.808     -0.266
048 074 -80.612    -80.492     -0.120
048 075 -77.414    -77.468      0.054
048 076 -76.699    -76.699      0.000
048 077 -73.348    -73.179     -0.169
048 078 -72.256    -72.332      0.076
048 079 -68.741    -68.663     -0.078
048 080 -67.238    -66.993     -0.245
048 081 -63.122    -63.093     -0.029
048 082 -61.118    -60.757     -0.361
048 083 -55.212    -55.135     -0.077
048 084 -50.465    -50.532      0.067
049 051 -64.178    -63.947     -0.231
049 052 -68.545    -68.487     -0.058
049 053 -70.695    -70.475     -0.220
049 054 -74.632    -74.732      0.100
049 055 -76.183    -76.251      0.068
049 056 -79.641    -79.318     -0.323
049 057 -80.608    -80.521     -0.087
049 058 -83.567    -83.439     -0.128
049 059 -84.120    -83.947     -0.173
049 060 -86.490    -86.534      0.044
049 061 -86.470    -86.683      0.213
049 062 -88.392    -88.446      0.054
049 063 -87.990    -87.934     -0.056
049 064 -89.367    -89.239     -0.128
049 065 -88.570    -88.445     -0.125
049 066 -89.536    -89.464     -0.072
049 067 -88.250    -88.261      0.011
049 068 -88.943    -88.994      0.051
049 069 -87.228    -87.314      0.086
049 070 -87.699    -87.593     -0.106
049 071 -85.728    -85.644     -0.084
049 072 -85.835    -85.551     -0.284
049 073 -83.571    -83.261     -0.310
049 074 -83.429    -83.232     -0.197
049 075 -80.868    -80.748     -0.120
049 076 -80.412    -80.141     -0.271
049 077 -77.809    -77.734     -0.075
049 078 -76.880    -76.769     -0.111
049 079 -74.190    -74.176     -0.014
049 080 -72.835    -72.807     -0.028
049 081 -69.907    -69.890     -0.017
049 082 -68.024    -67.689     -0.335
049 083 -62.412    -62.581      0.169
050 050 -57.148    -57.030     -0.118
050 051 -60.306    -60.186     -0.120
050 052 -64.935    -64.715     -0.220
050 054 -71.627    -71.718      0.091
050 055 -73.338    -73.373      0.035
050 056 -77.354    -77.294     -0.060
050 057 -78.512    -78.103     -0.409
050 058 -82.070    -81.899     -0.171
050 059 -82.630    -82.475     -0.155
050 060 -85.842    -85.642     -0.200
050 061 -85.939    -85.974      0.035
050 062 -88.655    -88.505     -0.150
050 063 -88.328    -88.392      0.064
050 064 -90.560    -90.321     -0.239
050 065 -90.034    -89.683     -0.351
050 066 -91.526    -91.234     -0.292
050 067 -90.398    -90.218     -0.180
050 068 -91.653    -91.399     -0.254
050 069 -90.065    -89.745     -0.320
050 070 -91.098    -90.714     -0.384
050 071 -89.197    -88.905     -0.292
050 072 -89.940    -89.595     -0.345
050 073 -87.815    -87.738     -0.077
050 074 -88.231    -88.158     -0.073
050 075 -85.894    -85.768     -0.126
050 076 -86.015    -86.152      0.137
050 077 -83.470    -83.322     -0.148
050 078 -83.361    -83.232     -0.129
050 079 -80.591    -80.486     -0.105
050 080 -80.132    -79.904     -0.228
050 081 -77.265    -77.147     -0.118
050 082 -76.547    -76.043     -0.504
050 083 -70.874    -70.699     -0.175
050 084 -66.434    -66.426     -0.008
050 085 -60.632    -60.407     -0.225
051 054 -64.015    -64.165      0.150
051 055 -66.473    -66.350     -0.123
051 056 -70.653    -70.621     -0.032
051 057 -72.445    -72.637      0.192
051 058 -76.251    -76.088     -0.163
051 059 -77.450    -77.268     -0.182
051 060 -80.837    -80.544     -0.293
051 061 -81.599    -81.301     -0.298
051 062 -84.417    -84.139     -0.278
051 063 -84.497    -84.553      0.056
051 064 -87.003    -86.947     -0.056
051 065 -86.822    -86.450     -0.372
051 066 -88.640    -88.461     -0.179
051 067 -87.996    -87.887     -0.109
051 068 -89.476    -89.204     -0.272
051 069 -88.417    -88.464      0.047
051 070 -89.599    -89.851      0.252
051 071 -88.334    -88.282     -0.052
051 072 -89.223    -89.182     -0.041
051 073 -87.619    -87.402     -0.217
051 074 -88.255    -88.201     -0.054
051 075 -86.393    -86.115     -0.278
051 076 -86.698    -86.452     -0.246
051 077 -84.630    -84.625     -0.005
051 078 -84.629    -84.563     -0.066
051 079 -82.286    -82.206     -0.080
051 080 -81.981    -81.831     -0.150
051 081 -79.635    -79.456     -0.179
051 082 -78.924    -78.749     -0.175
051 083 -74.019    -73.745     -0.274
051 084 -69.690    -69.459     -0.231
051 085 -64.507    -64.620      0.113
051 086 -60.060    -59.750     -0.310
052 052 -49.627    -49.545     -0.082
052 053 -52.812    -52.912      0.100
052 054 -58.220    -57.860     -0.360
052 056 -65.782    -65.729     -0.053
052 057 -67.715    -67.621     -0.094
052 058 -72.230    -72.207     -0.023
052 059 -73.587    -73.558     -0.029
052 060 -77.568    -77.389     -0.179
052 061 -78.347    -78.074     -0.273
052 062 -81.890    -81.752     -0.138
052 063 -82.063    -82.095      0.032
052 064 -85.264    -85.356      0.092
052 065 -85.095    -84.930     -0.165
052 066 -87.691    -87.637     -0.054
052 067 -87.183    -86.930     -0.253
052 068 -89.362    -89.246     -0.116
052 069 -88.543    -88.567      0.024
052 070 -90.313    -90.209     -0.104
052 071 -89.171    -89.134     -0.037
052 072 -90.524    -90.475     -0.049
052 073 -89.022    -88.730     -0.292
052 074 -90.064    -89.847     -0.217
052 075 -88.281    -88.264     -0.017
052 076 -88.994    -89.012      0.018
052 077 -87.005    -86.991     -0.014
052 078 -87.353    -87.349     -0.004
052 079 -85.211    -85.039     -0.172
052 080 -85.188    -84.959     -0.229
052 081 -82.937    -82.708     -0.229
052 082 -82.534    -82.548      0.014
052 083 -77.729    -77.773      0.044
052 084 -74.425    -74.386     -0.039
052 085 -69.304    -69.282     -0.022
052 086 -65.696    -65.760      0.064
052 087 -60.205    -60.103     -0.102
052 088 -56.367    -56.177     -0.190
053 056 -57.673    -57.563     -0.110
053 057 -60.468    -60.407     -0.061
053 058 -64.954    -64.832     -0.122
053 059 -67.063    -67.017     -0.046
053 060 -71.120    -71.047     -0.073
053 061 -72.639    -72.738      0.099
053 062 -76.338    -76.265     -0.073
053 063 -77.421    -77.371     -0.050
053 064 -80.439    -80.659      0.220
053 065 -80.971    -80.927     -0.044
053 066 -83.778    -83.568     -0.210
053 067 -83.747    -83.682     -0.065
053 068 -86.246    -86.036     -0.210
053 069 -86.079    -85.959     -0.120
053 070 -87.943    -87.596     -0.347
053 071 -87.365    -87.288     -0.077
053 072 -88.836    -88.496     -0.340
053 073 -87.910    -87.753     -0.157
053 074 -88.983    -88.772     -0.211
053 075 -87.738    -87.600     -0.138
053 076 -88.507    -88.407     -0.100
053 077 -86.936    -86.751     -0.185
053 078 -87.443    -87.403     -0.040
053 079 -85.703    -85.493     -0.210
053 080 -85.857    -85.646     -0.211
053 081 -84.043    -84.084      0.041
053 082 -83.779    -83.764     -0.015
053 083 -79.545    -79.605      0.060
053 084 -76.356    -76.597      0.241
053 085 -71.980    -72.119      0.139
053 086 -68.471    -68.244     -0.227
053 087 -63.606    -63.889      0.283
053 088 -59.927    -59.709     -0.218
053 089 -54.803    -54.642     -0.161
054 054 -42.632    -42.669      0.037
054 055 -46.170    -45.861     -0.309
054 056 -51.923    -51.562     -0.361
054 058 -60.026    -59.973     -0.053
054 059 -62.204    -62.100     -0.104
054 060 -67.086    -66.793     -0.293
054 061 -68.657    -68.763      0.106
054 062 -73.047    -72.948     -0.099
054 063 -74.185    -74.414      0.229
054 064 -78.079    -78.074     -0.005
054 065 -78.794    -78.617     -0.177
054 066 -82.172    -81.933     -0.239
054 067 -82.481    -82.204     -0.277
054 068 -85.355    -85.248     -0.107
054 069 -85.248    -85.004     -0.244
054 070 -87.667    -87.519     -0.148
054 071 -87.199    -86.995     -0.204
054 072 -89.146    -88.806     -0.340
054 073 -88.321    -88.039     -0.282
054 074 -89.861    -89.529     -0.332
054 075 -88.696    -88.443     -0.253
054 076 -89.880    -89.689     -0.191
054 077 -88.414    -88.385     -0.029
054 078 -89.279    -89.369      0.090
054 079 -87.644    -87.609     -0.035
054 080 -88.126    -87.870     -0.256
054 081 -86.413    -85.896     -0.517
054 082 -86.429    -86.103     -0.326
054 083 -82.383    -82.081     -0.302
054 084 -79.972    -79.990      0.018
054 085 -75.645    -75.548     -0.097
054 086 -72.986    -72.950     -0.036
054 087 -68.197    -68.272      0.075
054 088 -65.230    -65.143     -0.087
054 089 -60.203    -59.926     -0.277
054 090 -56.872    -56.654     -0.218
054 091 -51.493    -51.229     -0.264
054 092 -47.955    -47.975      0.020
055 058 -51.765    -51.689     -0.076
055 059 -54.686    -54.848      0.162
055 062 -66.493    -66.254     -0.239
055 063 -68.409    -68.369     -0.040
055 064 -72.305    -72.335      0.030
055 065 -73.889    -73.733     -0.156
055 066 -77.102    -76.899     -0.203
055 067 -78.145    -77.859     -0.286
055 068 -81.044    -81.060      0.016
055 069 -81.741    -81.652     -0.089
055 070 -84.090    -83.668     -0.422
055 071 -84.351    -83.981     -0.370
055 072 -86.240    -85.878     -0.362
055 073 -85.932    -85.786     -0.146
055 074 -87.499    -87.277     -0.222
055 075 -86.900    -86.781     -0.119
055 076 -88.056    -87.952     -0.104
055 077 -87.153    -87.189      0.036
055 078 -88.071    -88.163      0.092
055 079 -86.891    -86.918      0.027
055 080 -87.582    -87.432     -0.150
055 081 -86.339    -86.014     -0.325
055 082 -86.546    -86.415     -0.131
055 083 -82.887    -82.825     -0.062
055 084 -80.701    -80.586     -0.115
055 085 -77.050    -76.955     -0.095
055 086 -74.477    -74.291     -0.186
055 087 -70.515    -70.333     -0.182
055 088 -67.676    -67.596     -0.080
055 089 -63.271    -62.851     -0.420
055 090 -60.054    -59.803     -0.251
055 091 -55.310    -55.210     -0.100
055 092 -51.920    -51.604     -0.316
055 093 -46.911    -46.771     -0.140
056 058 -45.905    -45.771     -0.134
056 061 -57.458    -57.313     -0.145
056 063 -64.590    -64.467     -0.123
056 064 -68.889    -68.761     -0.128
056 065 -70.745    -70.689     -0.056
056 066 -74.609    -74.392     -0.217
056 067 -75.655    -75.424     -0.231
056 068 -79.090    -78.825     -0.265
056 069 -79.669    -79.602     -0.067
056 070 -82.670    -82.644     -0.026
056 071 -82.818    -82.620     -0.198
056 072 -85.369    -85.201     -0.168
056 073 -85.061    -84.928     -0.133
056 074 -87.257    -87.267      0.010
056 075 -86.679    -86.713      0.034
056 076 -88.435    -88.265     -0.170
056 077 -87.554    -87.460     -0.094
056 078 -88.950    -88.880     -0.070
056 079 -87.851    -87.545     -0.306
056 080 -88.887    -88.723     -0.164
056 081 -87.721    -87.262     -0.459
056 082 -88.262    -88.190     -0.072
056 083 -84.914    -84.809     -0.105
056 084 -83.268    -83.254     -0.014
056 085 -79.732    -79.674     -0.058
056 086 -77.842    -77.561     -0.281
056 087 -73.937    -73.869     -0.068
056 088 -71.767    -71.595     -0.172
056 089 -67.516    -67.392     -0.124
056 090 -64.866    -64.938      0.072
056 091 -60.264    -60.061     -0.203
056 092 -57.545    -57.542     -0.003
056 093 -52.831    -52.564     -0.267
056 094 -49.890    -49.460     -0.430
057 067 -70.259    -70.238     -0.021
057 068 -73.759    -73.562     -0.197
057 069 -74.973    -74.545     -0.428
057 070 -77.896    -77.782     -0.114
057 071 -78.625    -78.625      0.000
057 072 -81.324    -80.881     -0.443
057 073 -81.627    -81.205     -0.422
057 074 -83.769    -83.771      0.002
057 075 -83.724    -83.779      0.055
057 076 -85.494    -85.842      0.348
057 077 -85.219    -85.234      0.015
057 078 -86.643    -86.492     -0.151
057 079 -86.037    -85.981     -0.056
057 080 -87.141    -86.888     -0.253
057 081 -86.513    -86.183     -0.330
057 082 -87.222    -86.955     -0.267
057 083 -84.312    -84.049     -0.263
057 084 -82.930    -82.940      0.010
057 085 -80.024    -79.818     -0.206
057 086 -78.171    -77.975     -0.196
057 087 -74.850    -74.711     -0.139
057 088 -72.835    -72.797     -0.038
057 089 -69.221    -68.967     -0.254
057 090 -66.678    -66.771      0.093
057 091 -62.709    -62.713      0.004
057 092 -60.220    -60.245      0.025
057 093 -56.311    -56.304     -0.007
057 094 -53.310    -53.232     -0.078
058 068 -70.821    -70.868      0.047
058 069 -71.979    -71.919     -0.060
058 070 -75.534    -75.602      0.068
058 071 -76.288    -76.282     -0.006
058 072 -79.423    -79.558      0.135
058 073 -79.708    -79.754      0.046
058 074 -82.469    -82.414     -0.055
058 075 -82.418    -82.338     -0.080
058 076 -84.833    -84.718     -0.115
058 077 -84.616    -84.644      0.028
058 078 -86.509    -86.344     -0.165
058 079 -85.919    -85.713     -0.206
058 080 -87.566    -87.389     -0.177
058 081 -86.958    -86.994      0.036
058 082 -88.074    -87.965     -0.109
058 083 -85.431    -85.198     -0.233
058 084 -84.533    -84.217     -0.316
058 085 -81.606    -81.411     -0.195
058 086 -80.432    -80.313     -0.119
058 087 -77.067    -77.287      0.220
058 088 -75.626    -75.781      0.155
058 089 -72.014    -72.087      0.073
058 090 -70.398    -70.233     -0.165
058 091 -66.670    -66.572     -0.098
058 092 -64.847    -64.790     -0.057
058 093 -61.225    -61.021     -0.204
059 069 -66.331    -66.773      0.442
059 070 -69.774    -69.849      0.075
059 071 -71.175    -71.052     -0.123
059 072 -74.301    -74.213     -0.088
059 073 -75.227    -75.186     -0.041
059 074 -77.938    -77.839     -0.099
059 075 -78.528    -78.421     -0.107
059 076 -80.936    -80.708     -0.228
059 077 -81.340    -81.113     -0.227
059 078 -83.202    -83.216      0.014
059 079 -83.129    -83.016     -0.113
059 080 -84.829    -84.826     -0.003
059 081 -84.686    -84.595     -0.091
059 082 -86.015    -85.964     -0.051
059 083 -83.786    -83.775     -0.011
059 084 -83.068    -82.942     -0.126
059 085 -80.751    -80.464     -0.287
059 086 -79.626    -79.299     -0.327
059 087 -76.673    -76.588     -0.085
059 088 -75.444    -75.524      0.080
059 089 -72.535    -72.474     -0.061
059 090 -71.039    -71.015     -0.024
059 091 -68.301    -68.081     -0.220
059 092 -66.780    -66.554     -0.226
059 093 -63.758    -63.467     -0.291
059 094 -61.568    -61.546     -0.022
059 095 -57.860    -57.871      0.011
059 096 -55.415    -55.465      0.050
059 097 -51.449    -51.423     -0.026
059 098 -48.435    -48.246     -0.189
060 070 -66.596    -66.591     -0.005
060 071 -67.768    -67.486     -0.282
060 072 -71.426    -71.448      0.022
060 073 -72.332    -72.171     -0.161
060 074 -75.646    -75.580     -0.066
060 075 -76.214    -76.116     -0.098
060 076 -79.199    -78.839     -0.360
060 077 -79.584    -79.323     -0.261
060 078 -82.017    -81.535     -0.482
060 079 -82.017    -82.094      0.077
060 080 -84.257    -84.151     -0.106
060 081 -84.192    -84.215      0.023
060 082 -85.950    -85.828     -0.122
060 083 -84.002    -83.848     -0.154
060 084 -83.748    -83.257     -0.491
060 085 -81.432    -81.313     -0.119
060 086 -80.926    -80.563     -0.363
060 087 -78.147    -78.093     -0.054
060 088 -77.408    -77.333     -0.075
060 089 -74.376    -74.196     -0.180
060 090 -73.680    -73.652     -0.028
060 091 -70.943    -70.869     -0.074
060 092 -70.150    -69.490     -0.660
060 093 -67.330    -66.870     -0.460
060 094 -65.580    -65.056     -0.524
060 095 -62.284    -62.186     -0.098
060 096 -60.202    -60.129     -0.073
060 097 -56.494    -56.460     -0.034
060 098 -53.835    -53.866      0.031
060 099 -49.724    -49.746      0.022
060 100 -46.725    -46.660     -0.065
061 072 -65.408    -65.295     -0.113
061 073 -66.764    -66.838      0.074
061 074 -70.062    -69.862     -0.200
061 075 -71.170    -71.257      0.087
061 076 -74.073    -73.859     -0.214
061 077 -74.914    -74.947      0.033
061 078 -77.501    -77.339     -0.162
061 079 -78.212    -78.118     -0.094
061 080 -80.523    -80.614      0.091
061 081 -81.142    -80.927     -0.215
061 082 -82.961    -82.925     -0.036
061 083 -81.416    -81.147     -0.269
061 084 -81.268    -81.247     -0.021
061 085 -79.454    -79.322     -0.132
061 086 -79.042    -78.736     -0.306
061 087 -76.866    -76.735     -0.131
061 088 -76.064    -75.961     -0.103
061 089 -73.597    -73.506     -0.091
061 090 -73.386    -73.193     -0.193
061 091 -71.254    -71.035     -0.219
061 092 -70.648    -70.497     -0.151
061 093 -68.267    -68.142     -0.125
061 094 -66.940    -66.872     -0.068
061 095 -64.167    -64.048     -0.119
061 096 -62.297    -62.249     -0.048
061 097 -59.106    -59.044     -0.062
061 098 -56.554    -56.617      0.063
061 099 -52.895    -52.857     -0.038
061 100 -50.087    -50.134      0.047
062 073 -62.857    -62.820     -0.037
062 074 -66.811    -66.505     -0.306
062 075 -67.992    -67.678     -0.314
062 076 -71.498    -71.181     -0.317
062 077 -72.380    -72.230     -0.150
062 078 -75.456    -75.272     -0.184
062 079 -75.934    -76.410      0.476
062 080 -78.982    -78.801     -0.181
062 081 -79.517    -79.521      0.004
062 082 -81.966    -81.341     -0.625
062 083 -80.651    -80.476     -0.175
062 084 -80.996    -80.875     -0.121
062 085 -79.266    -79.159     -0.107
062 086 -79.336    -79.241     -0.095
062 087 -77.136    -77.111     -0.025
062 088 -77.051    -76.886     -0.165
062 089 -74.576    -74.572     -0.004
062 090 -74.763    -74.721     -0.042
062 091 -72.560    -72.625      0.065
062 092 -72.456    -72.484      0.028
062 093 -70.191    -70.195      0.004
062 094 -69.361    -69.134     -0.227
062 095 -66.678    -66.496     -0.182
062 096 -65.252    -64.886     -0.366
062 097 -62.208    -62.165     -0.043
062 098 -60.233    -60.108     -0.125
062 099 -56.672    -56.982      0.310
062 100 -54.379    -54.390      0.011
062 101 -50.600    -50.497     -0.103
062 102 -47.925    -47.871     -0.054
063 074 -60.146    -59.979     -0.167
063 075 -61.750    -61.868      0.118
063 076 -65.398    -65.323     -0.075
063 077 -66.986    -66.590     -0.396
063 078 -69.926    -69.839     -0.087
063 079 -71.309    -71.224     -0.085
063 080 -74.241    -74.300      0.059
063 081 -75.619    -75.488     -0.131
063 082 -77.992    -77.834     -0.158
063 083 -77.118    -77.276      0.158
063 084 -77.545    -77.538     -0.007
063 085 -76.297    -76.342      0.045
063 086 -76.441    -76.239     -0.202
063 087 -74.792    -74.587     -0.205
063 088 -74.653    -74.691      0.038
063 089 -72.888    -73.050      0.162
063 090 -73.367    -73.412      0.045
063 091 -71.738    -71.717     -0.021
063 092 -71.818    -71.672     -0.146
063 093 -70.083    -69.934     -0.149
063 094 -69.459    -69.210     -0.249
063 095 -67.270    -67.159     -0.111
063 096 -66.043    -65.990     -0.053
063 097 -63.493    -63.315     -0.178
063 098 -61.792    -61.874      0.082
063 099 -58.723    -58.672     -0.051
063 100 -56.574    -56.525     -0.049
063 101 -53.232    -53.028     -0.204
063 102 -50.729    -50.734      0.005
064 076 -61.782    -61.860      0.078
064 077 -63.224    -63.110     -0.114
064 078 -66.960    -66.960      0.000
064 079 -68.231    -68.254      0.023
064 080 -71.760    -71.619     -0.141
064 081 -72.927    -72.919     -0.008
064 082 -76.086    -75.988     -0.098
064 083 -75.357    -75.176     -0.181
064 084 -76.269    -76.150     -0.119
064 085 -75.127    -75.041     -0.086
064 086 -75.764    -75.665     -0.099
064 087 -74.189    -74.263      0.074
064 088 -74.707    -74.607     -0.100
064 089 -72.883    -73.220      0.337
064 090 -73.706    -73.796      0.090
064 091 -72.070    -71.978     -0.092
064 092 -72.535    -72.371     -0.164
064 093 -70.824    -70.608     -0.216
064 094 -70.690    -70.645     -0.045
064 095 -68.562    -68.668      0.106
064 096 -67.942    -68.049      0.107
064 097 -65.506    -65.503     -0.003
064 098 -64.281    -64.219     -0.062
064 099 -61.389    -61.213     -0.176
064 100 -59.694    -59.430     -0.264
064 101 -56.526    -56.376     -0.150
064 102 -54.371    -54.211     -0.160
064 103 -50.776    -50.751     -0.025
065 075 -50.482    -50.648      0.166
065 076 -54.541    -54.681      0.140
065 077 -56.560    -56.443     -0.117
065 078 -60.419    -60.384     -0.035
065 079 -62.368    -62.362     -0.006
065 080 -66.400    -66.103     -0.297
065 081 -67.764    -67.829      0.065
065 082 -70.743    -70.667     -0.076
065 083 -70.537    -70.541      0.004
065 084 -71.489    -71.170     -0.319
065 085 -71.106    -70.774     -0.332
065 086 -71.624    -71.474     -0.150
065 087 -70.717    -70.621     -0.096
065 088 -71.314    -71.402      0.088
065 089 -70.157    -70.217      0.060
065 090 -71.250    -71.056     -0.194
065 091 -70.091    -69.859     -0.232
065 092 -70.764    -70.629     -0.135
065 093 -69.471    -69.239     -0.232
065 094 -69.533    -69.394     -0.139
065 095 -67.836    -67.910      0.074
065 096 -67.462    -67.425     -0.037
065 097 -65.880    -65.540     -0.340
065 098 -64.596    -64.549     -0.047
065 099 -62.105    -61.899     -0.206
065 100 -60.589    -60.860      0.271
065 101 -57.809    -57.764     -0.045
065 102 -55.883    -56.256      0.373
065 103 -52.781    -52.751     -0.030
066 077 -52.169    -52.165     -0.004
066 078 -56.570    -56.302     -0.268
066 079 -58.243    -57.887     -0.356
066 080 -62.555    -62.443     -0.112
066 081 -64.196    -64.175     -0.021
066 082 -67.859    -67.901      0.042
066 083 -67.694    -67.428     -0.266
066 084 -69.310    -68.957     -0.353
066 085 -68.752    -68.489     -0.263
066 086 -70.118    -69.894     -0.224
066 087 -69.143    -69.041     -0.102
066 088 -70.394    -70.406      0.012
066 089 -69.156    -69.295      0.139
066 090 -70.529    -70.389     -0.140
066 091 -69.425    -69.180     -0.245
066 092 -70.407    -70.136     -0.271
066 093 -69.167    -68.998     -0.169
066 094 -69.672    -69.564     -0.108
066 095 -68.055    -67.884     -0.171
066 096 -68.181    -68.080     -0.101
066 097 -66.381    -66.161     -0.220
066 098 -65.968    -65.863     -0.105
066 099 -63.612    -63.691      0.079
066 100 -62.584    -62.527     -0.057
066 101 -59.911    -59.925      0.014
066 102 -58.558    -58.435     -0.123
066 103 -55.596    -55.361     -0.235
067 077 -44.610    -44.476     -0.134
067 078 -49.120    -48.868     -0.252
067 079 -51.238    -51.023     -0.215
067 080 -55.757    -55.131     -0.626
067 081 -57.991    -58.026      0.035
067 082 -61.646    -61.802      0.156
067 083 -61.946    -62.242      0.296
067 084 -63.623    -63.476     -0.147
067 085 -63.605    -63.551     -0.054
067 086 -65.012    -64.913     -0.099
067 087 -64.639    -64.391     -0.248
067 088 -66.040    -65.852     -0.188
067 089 -65.538    -65.430     -0.108
067 090 -66.833    -66.853      0.020
067 091 -66.187    -66.093     -0.094
067 092 -67.330    -67.102     -0.228
067 093 -66.382    -66.379     -0.003
067 094 -67.196    -67.003     -0.193
067 095 -66.041    -66.144      0.103
067 096 -66.378    -66.326     -0.052
067 097 -64.981    -64.928     -0.053
067 098 -64.898    -64.764     -0.134
067 099 -63.070    -63.175      0.105
067 100 -62.279    -62.327      0.048
067 101 -60.059    -60.059     -0.000
067 102 -58.796    -58.756     -0.040
067 103 -56.238    -56.500      0.262
067 104 -54.518    -54.446     -0.072
068 078 -44.322    -44.277     -0.045
068 079 -46.608    -46.428     -0.180
068 080 -51.479    -51.529      0.050
068 081 -53.742    -53.716     -0.026
068 082 -57.831    -57.636     -0.195
068 083 -58.266    -57.996     -0.270
068 084 -60.500    -60.235     -0.265
068 085 -60.467    -60.240     -0.227
068 086 -62.605    -62.526     -0.079
068 087 -62.209    -61.974     -0.235
068 088 -64.212    -63.920     -0.292
068 089 -63.414    -63.383     -0.031
068 090 -65.304    -65.240     -0.064
068 091 -64.561    -64.503     -0.058
068 092 -66.064    -66.134      0.070
068 093 -65.201    -65.098     -0.103
068 094 -66.334    -66.409      0.075
068 095 -65.167    -65.155     -0.012
068 096 -65.943    -65.790     -0.153
068 097 -64.521    -64.578      0.057
068 098 -64.924    -64.671     -0.253
068 099 -63.289    -63.198     -0.091
068 100 -62.989    -62.909     -0.080
068 101 -60.921    -61.022      0.101
068 102 -60.108    -60.135      0.027
068 103 -57.718    -57.841      0.123
068 104 -56.483    -56.496      0.013
069 078 -35.974    -35.942     -0.032
069 079 -38.765    -38.607     -0.158
069 082 -50.772    -50.729     -0.043
069 083 -51.720    -51.527     -0.193
069 084 -53.973    -53.771     -0.202
069 085 -54.427    -54.488      0.061
069 086 -56.626    -56.512     -0.114
069 087 -56.834    -56.786     -0.048
069 088 -58.709    -58.690     -0.019
069 089 -58.703    -58.724      0.021
069 090 -60.570    -60.501     -0.069
069 091 -60.301    -60.295     -0.006
069 092 -61.899    -61.856     -0.043
069 093 -61.477    -61.354     -0.123
069 094 -62.728    -62.677     -0.051
069 095 -61.909    -61.686     -0.223
069 096 -62.930    -62.888     -0.042
069 097 -61.886    -61.735     -0.151
069 098 -62.543    -62.513     -0.030
069 099 -61.312    -61.168     -0.144
069 100 -61.275    -61.120     -0.155
069 101 -59.795    -59.578     -0.217
069 102 -59.210    -59.043     -0.167
069 103 -57.374    -57.294     -0.080
069 104 -56.256    -56.040     -0.216
069 105 -53.865    -53.692     -0.173
069 106 -52.311    -52.123     -0.188
069 107 -49.371    -49.303     -0.068
070 081 -41.542    -41.588      0.046
070 082 -46.270    -46.112     -0.158
070 084 -49.932    -49.927     -0.005
070 085 -50.503    -50.078     -0.425
070 086 -53.266    -53.195     -0.071
070 087 -53.420    -53.247     -0.173
070 088 -56.010    -56.148      0.138
070 089 -55.834    -55.753     -0.081
070 090 -58.163    -58.217      0.054
070 091 -57.834    -57.607     -0.227
070 092 -59.821    -59.720     -0.101
070 093 -59.294    -59.198     -0.096
070 094 -61.012    -60.805     -0.207
070 095 -60.295    -60.038     -0.257
070 096 -61.594    -61.336     -0.258
070 097 -60.590    -60.451     -0.139
070 098 -61.580    -61.697      0.117
070 099 -60.376    -60.335     -0.041
070 100 -60.764    -60.691     -0.073
070 101 -59.307    -59.225     -0.082
070 102 -59.255    -59.152     -0.103
070 103 -57.551    -57.442     -0.109
070 104 -56.945    -56.940     -0.005
070 105 -54.696    -54.495     -0.201
070 106 -53.491    -53.502      0.011
070 107 -50.986    -50.805     -0.181
070 108 -49.677    -49.505     -0.172
071 082 -38.375    -38.342     -0.033
071 084 -42.545    -42.533     -0.012
071 085 -43.700    -43.641     -0.059
071 086 -46.440    -46.252     -0.188
071 087 -47.212    -47.159     -0.053
071 088 -49.709    -49.658     -0.051
071 089 -50.270    -50.250     -0.020
071 090 -52.562    -52.426     -0.136
071 091 -52.832    -52.638     -0.194
071 092 -54.791    -54.554     -0.237
071 093 -54.642    -54.504     -0.138
071 094 -56.442    -56.070     -0.372
071 095 -56.021    -56.011     -0.010
071 096 -57.526    -57.251     -0.275
071 097 -57.073    -56.868     -0.205
071 098 -58.083    -58.099      0.016
071 099 -57.306    -57.448      0.142
071 100 -57.828    -57.825     -0.003
071 101 -56.736    -56.683     -0.053
071 102 -56.881    -56.767     -0.114
071 103 -55.570    -55.511     -0.059
071 104 -55.166    -55.349      0.183
071 105 -53.382    -53.490      0.108
071 106 -52.384    -52.336     -0.048
071 107 -50.338    -50.139     -0.199
071 108 -49.059    -48.894     -0.165
071 109 -46.676    -46.395     -0.281
071 110 -44.797    -44.558     -0.239
071 112 -39.716    -39.701     -0.015
072 084 -37.820    -38.075      0.255
072 086 -42.102    -42.018     -0.084
072 087 -42.853    -42.854      0.001
072 088 -45.939    -45.903     -0.036
072 089 -46.316    -46.305     -0.011
072 090 -49.168    -49.129     -0.039
072 091 -49.269    -49.129     -0.140
072 092 -51.818    -51.779     -0.039
072 093 -51.636    -51.645      0.009
072 094 -53.859    -53.780     -0.079
072 095 -53.468    -53.505      0.037
072 096 -55.361    -55.124     -0.237
072 097 -54.717    -54.584     -0.133
072 098 -56.254    -56.066     -0.188
072 099 -55.431    -55.544      0.113
072 100 -56.402    -56.389     -0.013
072 101 -55.412    -55.316     -0.096
072 102 -55.845    -55.741     -0.104
072 103 -54.482    -54.415     -0.067
072 104 -54.576    -54.670      0.094
072 105 -52.881    -52.907      0.026
072 106 -52.435    -52.369     -0.066
072 107 -50.463    -50.276     -0.187
072 108 -49.779    -49.680     -0.099
072 109 -47.403    -47.377     -0.026
072 110 -46.050    -46.139      0.089
072 111 -43.284    -43.319      0.035
072 112 -41.499    -41.626      0.127
072 113 -38.320    -38.332      0.012
072 114 -36.424    -36.340     -0.084
073 084 -29.596    -29.712      0.116
073 086 -34.439    -34.800      0.361
073 087 -35.824    -35.860      0.036
073 088 -38.779    -38.580     -0.199
073 089 -39.781    -39.630     -0.151
073 090 -42.535    -42.308     -0.227
073 091 -43.283    -43.154     -0.129
073 092 -45.848    -45.789     -0.059
073 093 -46.098    -46.171      0.073
073 094 -48.351    -48.382      0.031
073 095 -48.394    -48.355     -0.039
073 096 -50.290    -50.218     -0.072
073 097 -50.138    -50.024     -0.114
073 098 -51.720    -51.452     -0.268
073 099 -51.330    -51.334      0.004
073 100 -52.397    -52.290     -0.107
073 101 -51.741    -51.864      0.123
073 102 -52.409    -52.364     -0.045
073 103 -51.365    -51.209     -0.156
073 104 -51.715    -51.765      0.050
073 106 -50.357    -50.529      0.172
073 107 -48.934    -48.994      0.060
073 108 -48.439    -48.259     -0.180
073 109 -46.431    -46.346     -0.085
073 110 -45.294    -45.161     -0.133
073 111 -42.839    -42.806     -0.033
073 112 -41.394    -41.348     -0.046
073 113 -38.608    -38.775      0.167
073 114 -36.896    -36.929      0.033
074 086 -29.329    -29.328     -0.001
074 088 -33.999    -34.174      0.175
074 089 -34.908    -35.070      0.162
074 090 -38.236    -38.014     -0.222
074 091 -38.861    -38.615     -0.246
074 092 -41.887    -41.614     -0.273
074 093 -42.093    -42.046     -0.047
074 094 -44.893    -44.976      0.083
074 095 -44.918    -44.937      0.019
074 096 -47.291    -47.620      0.329
074 097 -47.086    -47.251      0.165
074 098 -49.097    -49.152      0.055
074 099 -48.727    -48.604     -0.123
074 100 -50.227    -50.119     -0.108
074 101 -49.633    -49.728      0.095
074 102 -50.642    -50.588     -0.054
074 103 -49.702    -49.617     -0.085
074 104 -50.407    -50.305     -0.102
074 105 -49.295    -49.053     -0.242
074 106 -49.636    -49.490     -0.146
074 107 -48.234    -47.944     -0.290
074 108 -48.246    -48.115     -0.131
074 109 -46.366    -46.040     -0.326
074 110 -45.705    -45.568     -0.137
074 111 -43.388    -43.248     -0.140
074 112 -42.509    -42.471     -0.038
074 113 -39.904    -39.796     -0.108
074 114 -38.668    -38.635     -0.033
074 116 -34.369    -34.268     -0.101
074 117 -31.176    -31.081     -0.095
075 086 -20.843    -20.779     -0.064
075 088 -26.002    -26.494      0.492
075 089 -27.472    -27.598      0.126
075 090 -30.659    -30.730      0.071
075 091 -31.837    -31.586     -0.251
075 093 -35.795    -35.401     -0.394
075 094 -38.409    -38.191     -0.218
075 095 -38.904    -39.014      0.110
075 096 -41.250    -41.271      0.021
075 097 -41.567    -41.768      0.201
075 098 -43.554    -43.584      0.030
075 099 -43.673    -43.540     -0.133
075 100 -45.288    -45.149     -0.139
075 101 -45.063    -44.981     -0.082
075 102 -46.269    -46.271      0.002
075 103 -45.653    -45.639     -0.014
075 104 -46.584    -46.445     -0.139
075 105 -45.837    -45.547     -0.290
075 106 -46.517    -46.390     -0.127
075 107 -45.446    -45.313     -0.133
075 108 -45.810    -45.619     -0.191
075 109 -44.220    -44.072     -0.148
075 110 -43.819    -43.782     -0.037
075 111 -41.927    -41.944      0.017
075 112 -41.217    -41.234      0.017
075 113 -39.017    -39.007     -0.010
075 114 -37.979    -37.983      0.004
075 115 -35.583    -35.449     -0.134
075 116 -34.350    -33.933     -0.417
075 117 -31.589    -31.517     -0.072
075 118 -30.232    -30.019     -0.213
076 088 -20.425    -20.363     -0.062
076 090 -25.432    -25.571      0.139
076 091 -26.499    -26.455     -0.044
076 092 -29.995    -29.800     -0.195
076 093 -30.723    -30.567     -0.156
076 094 -33.926    -33.798     -0.128
076 095 -34.297    -34.256     -0.041
076 096 -37.244    -37.235     -0.009
076 097 -37.438    -37.369     -0.069
076 098 -39.995    -39.969     -0.026
076 099 -40.105    -39.723     -0.382
076 100 -42.131    -41.938     -0.193
076 101 -41.956    -41.769     -0.187
076 102 -43.544    -43.445     -0.099
076 103 -43.020    -43.103      0.083
076 104 -44.356    -44.326     -0.030
076 105 -43.550    -43.379     -0.171
076 106 -44.609    -44.402     -0.207
076 107 -43.664    -43.588     -0.076
076 108 -44.253    -44.095     -0.158
076 109 -42.806    -42.701     -0.105
076 110 -43.000    -43.103      0.103
076 111 -41.219    -41.086     -0.133
076 112 -41.137    -41.161      0.024
076 113 -38.987    -38.834     -0.153
076 114 -38.708    -38.595     -0.113
076 115 -36.395    -36.344     -0.051
076 116 -35.882    -35.671     -0.211
076 117 -33.394    -33.045     -0.349
076 118 -32.435    -32.245     -0.190
076 119 -29.512    -29.066     -0.446
076 120 -28.277    -28.318      0.041
077 090 -17.072    -17.845      0.773
077 091 -18.666    -18.727      0.061
077 092 -22.093    -22.545      0.452
077 094 -26.412    -26.730      0.318
077 095 -27.379    -27.391      0.012
077 096 -30.268    -30.119     -0.149
077 097 -30.786    -30.738     -0.048
077 098 -33.395    -33.243     -0.152
077 099 -33.882    -33.829     -0.053
077 100 -36.047    -36.001     -0.046
077 101 -36.254    -36.203     -0.051
077 102 -38.082    -37.738     -0.344
077 103 -37.978    -37.971     -0.007
077 104 -39.463    -39.492      0.029
077 105 -39.052    -38.945     -0.107
077 106 -40.202    -40.123     -0.079
077 107 -39.611    -39.473     -0.138
077 108 -40.336    -40.422      0.086
077 109 -39.172    -39.355      0.183
077 110 -39.549    -39.706      0.157
077 111 -38.345    -38.373      0.028
077 112 -38.450    -38.551      0.101
077 113 -36.754    -36.982      0.228
077 114 -36.709    -36.806      0.097
077 115 -34.836    -35.061      0.225
077 116 -34.536    -34.406     -0.130
077 117 -32.532    -32.466     -0.066
077 118 -31.692    -31.456     -0.236
077 119 -29.436    -29.326     -0.110
077 120 -28.264    -28.214     -0.050
077 122 -24.399    -24.591      0.192
078 090 -11.010    -10.796     -0.214
078 092 -16.299    -16.498      0.199
078 093 -17.467    -17.400     -0.067
078 094 -21.107    -21.193      0.086
078 095 -21.937    -21.778     -0.159
078 096 -25.318    -25.300     -0.018
078 097 -25.709    -25.817      0.108
078 098 -28.934    -28.975      0.041
078 099 -29.370    -29.067     -0.303
078 100 -31.997    -31.823     -0.174
078 101 -32.268    -32.045     -0.223
078 102 -34.430    -34.351     -0.079
078 103 -34.381    -34.410      0.029
078 104 -36.168    -36.509      0.341
078 105 -35.773    -35.796      0.023
078 106 -37.332    -37.341      0.009
078 107 -36.688    -36.584     -0.104
078 108 -37.864    -37.757     -0.107
078 109 -36.685    -36.678     -0.007
078 110 -37.821    -37.683     -0.138
078 111 -36.469    -36.273     -0.196
078 112 -37.307    -37.144     -0.163
078 113 -35.698    -35.844      0.146
078 114 -36.289    -36.360      0.071
078 115 -34.480    -34.854      0.374
078 116 -34.760    -34.814      0.054
078 117 -32.794    -32.875      0.081
078 118 -32.645    -32.791      0.146
078 119 -30.420    -30.361     -0.059
078 120 -29.904    -30.047      0.143
078 121 -27.389    -27.375     -0.014
078 122 -26.599    -26.578     -0.021
078 123 -23.741    -23.682     -0.059
078 124 -22.692    -22.662     -0.030
079 092  -7.562     -7.590      0.028
079 093  -9.318     -9.247     -0.071
079 094 -12.832    -12.953      0.121
079 096 -17.404    -17.321     -0.083
079 097 -18.521    -18.462     -0.059
079 098 -21.546    -21.486     -0.060
079 099 -22.303    -22.398      0.095
079 100 -24.989    -24.952     -0.037
079 101 -25.626    -25.544     -0.082
079 102 -27.871    -27.851     -0.020
079 103 -28.304    -28.382      0.078
079 104 -30.191    -30.847      0.656
079 105 -30.319    -30.178     -0.141
079 106 -31.858    -32.039      0.181
079 107 -31.715    -31.673     -0.042
079 108 -33.029    -33.362      0.333
079 109 -32.371    -32.475      0.104
079 110 -33.582    -33.951      0.369
079 111 -32.834    -32.723     -0.111
079 112 -33.798    -33.669     -0.129
079 113 -32.772    -32.719     -0.053
079 114 -33.405    -33.324     -0.081
079 115 -32.212    -32.151     -0.061
079 116 -32.567    -32.262     -0.305
079 117 -31.139    -31.080     -0.059
079 118 -31.140    -30.768     -0.372
079 119 -29.581    -29.549     -0.032
079 120 -29.094    -28.666     -0.428
079 121 -27.240    -26.994     -0.246
079 122 -26.401    -26.227     -0.174
079 123 -24.353    -24.151     -0.202
079 124 -23.143    -23.252      0.109
080 092  -1.061     -0.987     -0.074
080 094  -6.641     -6.646      0.005
080 095  -7.969     -8.096      0.127
080 096 -11.785    -11.708     -0.077
080 097 -12.776    -12.798      0.022
080 098 -16.315    -16.170     -0.145
080 099 -16.933    -16.863     -0.070
080 100 -20.251    -20.191     -0.060
080 101 -20.661    -20.602     -0.059
080 102 -23.577    -23.559     -0.018
080 103 -23.805    -23.696     -0.109
080 104 -26.345    -26.571      0.226
080 105 -26.184    -26.348      0.164
080 106 -28.539    -28.684      0.145
080 107 -28.119    -28.107     -0.012
080 108 -30.198    -30.107     -0.091
080 109 -29.626    -29.182     -0.444
080 110 -31.371    -31.330     -0.041
080 111 -30.592    -30.242     -0.350
080 112 -32.011    -31.949     -0.062
080 113 -31.062    -30.941     -0.121
080 114 -32.184    -32.153     -0.031
080 115 -31.013    -30.989     -0.024
080 116 -31.826    -31.857      0.031
080 117 -30.540    -30.420     -0.120
080 118 -30.954    -30.854     -0.100
080 119 -29.546    -29.356     -0.190
080 120 -29.503    -29.224     -0.279
080 121 -27.663    -27.746      0.083
080 122 -27.345    -27.163     -0.182
080 123 -25.269    -25.047     -0.222
080 124 -24.690    -24.503     -0.187
080 125 -22.288    -22.264     -0.024
080 126 -20.946    -20.878     -0.068
080 127 -16.487    -16.454     -0.033
080 128 -13.265    -13.687      0.422
081 095   0.585      0.593     -0.008
081 096  -3.340     -2.918     -0.422
081 098  -8.270     -8.184     -0.086
081 099  -9.390     -9.588      0.198
081 100 -12.799    -12.590     -0.209
081 101 -13.327    -13.225     -0.102
081 102 -16.587    -16.247     -0.340
081 103 -16.883    -16.661     -0.222
081 104 -19.758    -19.805      0.047
081 105 -19.883    -19.872     -0.011
081 106 -22.445    -22.470      0.025
081 107 -22.336    -22.207     -0.129
081 108 -24.616    -24.619      0.003
081 109 -24.366    -24.225     -0.141
081 110 -26.283    -26.309      0.026
081 111 -25.872    -25.733     -0.139
081 112 -27.477    -27.513      0.036
081 113 -26.937    -26.586     -0.351
081 114 -28.155    -28.192      0.037
081 115 -27.497    -27.327     -0.170
081 116 -28.354    -28.223     -0.131
081 117 -27.529    -27.577      0.048
081 118 -28.059    -27.892     -0.167
081 119 -27.047    -27.195      0.148
081 120 -27.181    -27.104     -0.077
081 121 -25.980    -26.346      0.366
081 122 -25.761    -25.879      0.118
081 123 -24.346    -24.488      0.142
081 124 -23.821    -23.872      0.051
081 125 -22.253    -21.614     -0.639
081 126 -21.034    -21.410      0.376
081 127 -16.750    -16.703     -0.047
081 128 -13.645    -14.322      0.677
081 129  -9.247     -9.166     -0.081
081 130  -6.078     -6.075     -0.003
081 132   1.784      1.867     -0.083
082 096   3.573      3.421      0.152
082 097   2.052      1.377      0.675
082 098  -1.941     -1.791     -0.150
082 099  -3.111     -3.128      0.017
082 100  -6.825     -6.830      0.005
082 101  -7.580     -7.499     -0.081
082 102 -11.052    -11.016     -0.036
082 103 -11.541    -11.610      0.069
082 104 -14.681    -14.722      0.041
082 105 -14.987    -14.848     -0.139
082 106 -17.811    -17.764     -0.047
082 107 -17.844    -17.831     -0.013
082 108 -20.417    -20.340     -0.077
082 109 -20.291    -20.262     -0.029
082 110 -22.552    -22.398     -0.154
082 111 -22.229    -22.208     -0.021
082 112 -24.208    -24.240      0.032
082 113 -23.738    -23.821      0.083
082 114 -25.348    -25.581      0.233
082 115 -24.745    -24.569     -0.176
082 116 -26.067    -26.226      0.159
082 117 -25.232    -25.212     -0.020
082 118 -26.251    -26.211     -0.040
082 119 -25.271    -25.240     -0.031
082 120 -25.941    -25.987      0.046
082 121 -24.786    -24.896      0.110
082 122 -25.110    -25.052     -0.058
082 123 -23.770    -23.842      0.072
082 124 -23.786    -23.773     -0.013
082 125 -22.452    -22.270     -0.182
082 126 -21.749    -21.646     -0.103
082 127 -17.615    -17.858      0.243
082 128 -14.728    -14.544     -0.184
082 129 -10.493    -10.481     -0.012
082 130  -7.549     -7.620      0.071
082 131  -3.204     -3.200     -0.004
082 132  -0.183     -0.225      0.042
082 133   4.342      4.329      0.013
083 103  -3.145     -3.191      0.046
083 104  -6.383     -6.326     -0.057
083 105  -7.195     -7.159     -0.036
083 106 -10.065    -10.104      0.039
083 107 -10.596    -10.737      0.141
083 108 -13.239    -13.233     -0.006
083 109 -13.535    -13.543      0.008
083 110 -15.885    -16.012      0.127
083 111 -16.023    -15.926     -0.097
083 112 -18.026    -17.994     -0.032
083 113 -18.009    -17.888     -0.121
083 114 -19.687    -19.766      0.079
083 115 -19.374    -19.331     -0.043
083 116 -20.798    -20.733     -0.065
083 117 -20.371    -20.319     -0.052
083 118 -21.429    -21.292     -0.137
083 119 -20.751    -20.829      0.078
083 120 -21.525    -21.546      0.021
083 121 -20.646    -20.667      0.021
083 122 -21.066    -20.984     -0.082
083 123 -20.028    -19.982     -0.046
083 124 -20.055    -19.904     -0.151
083 125 -18.870    -18.685     -0.185
083 126 -18.259    -18.302      0.043
083 127 -14.792    -14.798      0.006
083 128 -11.859    -12.870      1.011
083 129  -8.118     -8.413      0.295
083 130  -5.232     -5.291      0.059
083 131  -1.201     -1.333      0.132
083 132   1.629      1.644     -0.015
083 133   5.874      5.895     -0.021
083 134   8.730      8.578      0.152
083 135  13.216     13.253     -0.037
084 102   4.102      3.970      0.132
084 103   2.824      2.826     -0.002
084 104  -0.544     -0.479     -0.065
084 105  -1.422     -1.389     -0.033
084 106  -4.563     -4.622      0.059
084 107  -5.069     -5.083      0.014
084 108  -8.066     -8.089      0.023
084 109  -8.325     -8.379      0.054
084 110 -11.005    -11.303      0.298
084 111 -11.117    -11.092     -0.025
084 112 -13.469    -13.701      0.232
084 113 -13.393    -13.440      0.047
084 114 -15.473    -15.739      0.266
084 115 -15.239    -15.300      0.061
084 116 -16.942    -17.060      0.118
084 117 -16.521    -16.289     -0.232
084 118 -17.942    -17.953      0.011
084 119 -17.311    -17.089     -0.222
084 120 -18.341    -18.206     -0.135
084 121 -17.521    -17.539      0.018
084 122 -18.189    -18.208      0.019
084 123 -17.146    -17.155      0.009
084 124 -17.469    -17.512      0.043
084 125 -16.366    -16.181     -0.185
084 126 -15.953    -16.028      0.075
084 127 -12.432    -12.565      0.133
084 128 -10.369    -11.325      0.956
084 129  -6.654     -6.649     -0.005
084 130  -4.470     -4.377     -0.093
084 131  -0.542     -0.423     -0.119
084 132   1.782      1.825     -0.043
084 133   5.883      5.991     -0.108
084 134   8.357      8.379     -0.022
084 135  12.681     12.498      0.183
084 136  15.263     15.203      0.060
084 137  19.774     19.887     -0.113
084 138  22.486     22.478      0.008
085 106   3.864      3.884     -0.020
085 107   2.926      2.733      0.193
085 108  -0.067     -0.132      0.065
085 109  -0.716     -0.717      0.001
085 110  -3.470     -3.232     -0.238
085 111  -3.913     -3.785     -0.128
085 112  -6.355     -6.316     -0.039
085 113  -6.709     -6.701     -0.008
085 114  -8.823     -8.838      0.015
085 115  -8.988     -9.014      0.026
085 116 -10.789    -10.810      0.021
085 117 -10.595    -10.590     -0.005
085 118 -12.163    -12.044     -0.119
085 119 -11.875    -11.826     -0.049
085 120 -12.985    -12.890     -0.095
085 121 -12.439    -12.538      0.099
085 122 -13.227    -13.377      0.150
085 123 -12.470    -12.540      0.070
085 124 -12.884    -12.789     -0.095
085 125 -11.972    -11.562     -0.410
085 126 -11.647    -11.526     -0.121
085 127  -8.628     -8.558     -0.070
085 128  -6.580     -7.018      0.438
085 129  -3.379     -3.415      0.036
085 130  -1.257     -1.283      0.026
085 131   2.257      1.940      0.317
085 132   4.395      4.441     -0.046
085 133   8.100      7.947      0.153
085 134  10.396     10.464     -0.068
085 135  14.376     14.403     -0.027
085 136  16.783     16.800     -0.017
085 137  20.953     20.987     -0.034
085 138  23.428     23.320      0.108
085 139  27.711     27.623      0.088
086 107   9.043      8.932      0.111
086 108   5.725      5.829     -0.104
086 109   5.050      4.985      0.065
086 110   1.975      1.917      0.058
086 111   1.510      1.670     -0.160
086 112  -1.230     -1.269      0.039
086 113  -1.560     -1.402     -0.158
086 114  -4.000     -4.055      0.055
086 115  -4.107     -4.010     -0.097
086 116  -6.275     -6.635      0.360
086 117  -6.184     -6.170     -0.014
086 118  -7.970     -8.058      0.088
086 119  -7.710     -7.607     -0.103
086 120  -9.133     -9.237      0.104
086 121  -8.635     -8.518     -0.117
086 122  -9.655     -9.667      0.012
086 123  -8.941     -8.921     -0.020
086 124  -9.605     -9.487     -0.118
086 125  -8.755     -8.343     -0.412
086 126  -8.659     -8.498     -0.161
086 127  -5.696     -5.701      0.005
086 128  -4.320     -4.467      0.147
086 129  -1.169     -1.071     -0.098
086 130   0.253      0.014      0.239
086 131   3.659      3.468      0.191
086 132   5.217      5.158      0.059
086 133   8.829      9.035     -0.206
086 134  10.612     10.771     -0.159
086 135  14.471     14.453      0.018
086 136  16.372     16.408     -0.036
086 137  20.390     20.316      0.074
086 138  22.445     22.478     -0.033
086 139  26.534     26.521      0.013
086 140  28.747     28.604      0.143
086 141  32.886     32.811      0.075
086 142  35.243     35.111      0.132
086 143  39.362     39.157      0.205
087 110  10.254     10.129      0.125
087 111   9.578      9.530      0.048
087 112   6.771      6.811     -0.040
087 113   6.134      6.092      0.042
087 114   3.589      3.732     -0.143
087 115   3.102      3.129     -0.027
087 116   0.876      0.992     -0.116
087 117   0.607      0.632     -0.025
087 118  -1.310     -1.290     -0.020
087 119  -1.247     -1.233     -0.014
087 120  -2.849     -2.998      0.149
087 121  -2.665     -2.592     -0.073
087 122  -3.782     -3.940      0.158
087 123  -3.344     -3.424      0.080
087 124  -4.140     -4.195      0.055
087 125  -3.516     -3.359     -0.157
087 126  -3.554     -3.578      0.024
087 127  -0.958     -0.986      0.028
087 128   0.318      0.259      0.059
087 129   2.971      3.068     -0.097
087 130   4.315      4.403     -0.088
087 131   7.059      7.136     -0.077
087 132   8.617      8.679     -0.062
087 133  11.482     11.672     -0.190
087 134  13.277     13.291     -0.014
087 135  16.378     16.435     -0.057
087 136  18.382     18.336      0.046
087 137  21.749     21.939     -0.190
087 138  23.821     23.736      0.085
087 139  27.521     27.369      0.152
087 140  29.682     29.644      0.038
087 141  33.384     33.219      0.165
087 142  35.668     35.646      0.022
087 143  39.487     39.424      0.063
087 144  42.081     42.094     -0.013
087 145  46.073     46.034      0.039
087 146  48.920     48.837      0.083
088 113  11.937     11.872      0.065
088 114   9.075      9.104     -0.029
088 115   8.601      8.594      0.007
088 116   6.061      6.016      0.045
088 117   5.804      5.657      0.147
088 118   3.566      3.521      0.045
088 119   3.514      3.560     -0.046
088 120   1.728      1.791     -0.063
088 121   1.858      1.726      0.132
088 122   0.443      0.253      0.190
088 123   0.832      0.863     -0.031
088 124  -0.199     -0.132     -0.067
088 125   0.346      0.565     -0.219
088 126   0.093      0.182     -0.089
088 127   2.532      2.458      0.074
088 128   3.291      3.280      0.011
088 129   5.890      5.875      0.015
088 130   6.646      6.733     -0.087
088 131   9.394      9.294      0.100
088 132  10.272     10.383     -0.111
088 133  12.964     12.959      0.005
088 134  14.320     14.086      0.234
088 135  17.233     17.247     -0.014
088 136  18.826     18.763      0.063
088 137  21.993     22.041     -0.048
088 138  23.668     23.542      0.126
088 139  27.177     27.279     -0.102
088 140  28.940     28.928      0.012
088 141  32.562     32.589     -0.027
088 142  34.516     34.525     -0.009
088 143  38.216     38.210      0.006
088 144  40.497     40.412      0.085
088 145  44.334     44.347     -0.013
088 146  46.931     46.889      0.042
089 116  14.107     14.261     -0.154
089 117  13.485     13.460      0.025
089 118  11.146     11.170     -0.024
089 119  10.761     10.779     -0.018
089 120   8.845      8.596      0.249
089 121   8.764      8.601      0.163
089 122   7.143      7.094      0.049
089 123   7.300      7.347     -0.047
089 124   6.141      6.190     -0.049
089 125   6.433      6.468     -0.035
089 126   6.031      6.239     -0.208
089 127   8.150      7.894      0.256
089 128   8.702      8.653      0.049
089 129  10.851     10.770      0.081
089 130  11.570     11.539      0.031
089 131  13.744     13.601      0.143
089 132  14.531     14.409      0.122
089 133  16.622     16.573      0.049
089 134  17.825     17.793      0.032
089 135  20.234     20.189      0.045
089 136  21.637     21.508      0.129
089 137  24.309     24.208      0.101
089 138  25.850     25.651      0.199
089 139  28.895     28.946     -0.051
089 140  30.690     30.572      0.118
089 141  33.838     33.672      0.166
089 142  35.763     35.775     -0.012
089 143  39.154     39.062      0.092
089 144  41.308     41.418     -0.110
089 145  44.841     44.949     -0.108
089 146  47.357     47.291      0.066
089 147  51.221     51.243     -0.022
090 118  16.688     16.478      0.210
090 120  14.060     13.970      0.090
090 121  13.876     13.901     -0.025
090 122  12.111     12.043      0.068
090 123  12.120     11.831      0.289
090 124  10.695     10.621      0.074
090 125  10.921     10.990     -0.069
090 126  10.299     10.362     -0.063
090 127  12.206     12.184      0.022
090 128  12.367     12.333      0.034
090 129  14.463     14.412      0.051
090 130  14.690     14.631      0.059
090 131  16.940     16.883      0.057
090 132  17.203     17.078      0.125
090 133  19.385     19.187      0.198
090 134  19.996     19.949      0.047
090 135  22.310     22.296      0.014
090 136  23.198     23.143      0.055
090 137  25.805     25.575      0.230
090 138  26.771     26.603      0.168
090 139  29.586     29.504      0.082
090 140  30.863     30.883     -0.020
090 141  33.816     33.942     -0.126
090 142  35.447     35.568     -0.121
090 143  38.732     38.662      0.070
090 144  40.613     40.606      0.007
090 145  44.018     44.030     -0.012
090 146  46.255     46.191      0.064
090 147  49.955     49.771      0.184
091 120  22.052     21.735      0.317
091 121  21.597     21.608     -0.011
091 122  19.654     19.771     -0.117
091 123  19.460     19.465     -0.005
091 124  17.805     18.047     -0.242
091 125  17.824     17.997     -0.173
091 126  17.055     16.816      0.239
091 127  18.650     18.548      0.102
091 128  18.583     18.579      0.004
091 129  20.278     20.241      0.037
091 130  20.375     20.392     -0.017
091 131  22.064     22.088     -0.024
091 132  22.338     22.431     -0.093
091 133  23.862     23.844      0.018
091 134  24.357     24.372     -0.015
091 135  26.034     25.976      0.058
091 136  26.830     26.787      0.043
091 137  28.924     28.722      0.202
091 138  29.897     29.750      0.147
091 139  32.174     32.119      0.055
091 140  33.424     33.473     -0.049
091 141  35.947     35.963     -0.016
091 142  37.489     37.455      0.034
091 143  40.339     40.342     -0.003
091 144  42.289     42.282      0.007
091 145  45.334     45.300      0.034
091 146  47.528     47.448      0.080
091 147  50.894     50.580      0.314
092 123  24.889     24.778      0.111
092 124  23.066     23.126     -0.060
092 126  21.895     21.930     -0.035
092 127  23.296     23.333     -0.037
092 129  24.520     24.465      0.055
092 130  24.273     24.236      0.037
092 131  26.045     25.726      0.319
092 132  25.743     25.585      0.158
092 133  27.372     27.393     -0.021
092 134  27.329     27.353     -0.024
092 135  29.045     29.049     -0.004
092 136  29.220     29.239     -0.019
092 137  31.211     31.284     -0.073
092 138  31.615     31.684     -0.069
092 139  33.806     33.709      0.097
092 140  34.609     34.587      0.022
092 141  36.919     36.928     -0.009
092 142  38.145     38.199     -0.054
092 143  40.919     40.702      0.217
092 144  42.445     42.426      0.019
092 145  45.390     45.322      0.068
092 146  47.308     47.220      0.088
092 147  50.573     50.206      0.367
092 148  52.715     52.450      0.265
093 126  29.437     28.954      0.483
093 127  30.475     30.286      0.189
093 129  31.275     31.111      0.164
093 130  30.659     30.635      0.024
093 131  32.032     32.061     -0.029
093 132  31.618     31.513      0.105
093 133  32.817     32.859     -0.042
093 134  32.579     32.418      0.161
093 136  33.801     33.693      0.108
093 137  35.237     35.251     -0.014
093 138  35.624     35.625     -0.001
093 140  37.949     37.868      0.081
093 141  39.955     39.869      0.086
093 142  41.043     41.070     -0.027
093 143  43.378     43.387     -0.009
093 144  44.872     44.748      0.124
093 145  47.455     47.228      0.227
093 146  49.311     48.981      0.330
093 147  52.316     52.090      0.226
093 148  54.315     54.315     -0.000
093 149  57.417     57.385      0.032
094 134  36.108     35.945      0.163
094 135  37.395     37.144      0.251
094 136  36.932     36.894      0.038
094 137  38.309     38.365     -0.056
094 138  38.361     38.354      0.007
094 139  40.052     40.043      0.009
094 140  40.350     40.267      0.083
094 141  42.182     42.164      0.018
094 142  42.902     42.706      0.196
094 143  45.092     44.981      0.111
094 144  46.163     46.163     -0.000
094 145  48.588     48.420      0.168
094 146  50.125     49.872      0.253
094 147  52.955     52.698      0.257
094 148  54.717     54.536      0.181
094 149  57.755     57.758     -0.003
094 150  59.806     59.676      0.130
094 151  63.178     63.040      0.138
094 152  65.395     65.338      0.057
095 134  42.180     42.104      0.076
095 140  44.625     44.483      0.142
095 143  48.421     48.336      0.085
095 144  49.390     49.414     -0.024
095 145  51.510     51.502      0.008
095 146  52.934     52.933      0.001
095 147  55.468     55.225      0.243
095 148  57.175     57.108      0.067
095 149  59.879     59.882     -0.003
095 150  61.900     61.952     -0.052
096 137  47.293     47.105      0.188
096 138  46.722     46.457      0.265
096 140  47.853     47.650      0.203
096 141  49.247     49.097      0.150
096 142  49.445     49.482     -0.037
096 143  51.147     51.161     -0.014
096 144  51.724     51.715      0.009
096 145  53.702     53.843     -0.141
096 146  54.804     54.962     -0.158
096 147  57.182     57.169      0.013
096 148  58.452     58.420      0.032
096 149  61.005     60.979      0.026
096 150  62.617     62.491      0.126
096 151  65.533     65.507      0.026
096 152  67.393     67.292      0.101
096 153  70.751     70.734      0.017
096 154  72.990     72.862      0.128
096 155  76.648     76.520      0.128
097 146  58.690     58.505      0.185
097 147  60.714     60.652      0.062
097 148  61.814     61.598      0.216
097 149  63.967     63.857      0.110
097 150  65.490     65.333      0.157
097 151  68.131     67.968      0.163
097 152  69.846     69.924     -0.078
097 153  72.952     72.639      0.313
097 154  75.228     75.083      0.145
098 139  57.938     57.968     -0.030
098 142  57.989     58.183     -0.194
098 144  59.387     59.376      0.011
098 146  61.478     61.168      0.310
098 147  63.385     62.839      0.546
098 148  64.090     63.967      0.123
098 149  66.109     66.070      0.039
098 150  67.238     67.320     -0.082
098 151  69.723     69.800     -0.077
098 152  71.170     71.234     -0.064
098 153  74.135     74.218     -0.083
098 154  76.035     75.805      0.230
098 155  79.302     79.048      0.254
098 156  81.341     81.144      0.197
099 147  67.819     67.795      0.024
099 148  68.578     68.255      0.323
099 152  74.512     74.481      0.031
099 153  77.295     77.327     -0.032
099 154  79.010     78.937      0.073
099 155  81.994     81.741      0.253
099 156  84.089     83.776      0.313
100 146  70.191     70.111      0.080
100 148  71.898     71.590      0.308
100 149  73.519     73.054      0.465
100 150  74.072     73.733      0.339
100 151  75.959     75.665      0.294
100 152  76.817     76.752      0.065
100 153  79.346     79.398     -0.052
100 154  80.903     80.750      0.153
100 155  83.800     83.650      0.150
100 156  85.485     85.245      0.240
100 157  88.590     88.376      0.214
101 148  77.181     77.040      0.141
101 149  78.399     78.345      0.054
101 150  78.967     78.915      0.052
101 151  80.467     80.349      0.118
101 154  84.842     84.593      0.249
101 156  88.992     88.759      0.233
101 157  91.690     91.633      0.057
102 150  82.871     82.674      0.197
102 151  84.359     84.318      0.041
102 152  84.723     84.742     -0.019
102 153  86.812     86.696      0.116
102 154  87.823     87.598      0.225
102 155  90.247     90.058      0.189
102 157  94.079     93.747      0.332
103 150  88.523     88.062      0.461
103 151  89.646     89.488      0.158
103 152  89.947     90.035     -0.088
103 153  91.747     91.447      0.300
104 152  94.222     94.254     -0.032
104 153  95.866     95.675      0.191
104 154  96.344     96.192      0.152
104 157 101.318    100.798      0.520
105 152 100.154     99.987      0.167
105 153 101.508    100.899      0.609
105 154 101.991    101.902      0.089
106 154 106.547    106.364      0.183
106 155 108.005    107.184      0.821
106 156 108.369    108.079      0.290
107 154 113.079    112.981      0.098
107 155 114.252    114.096      0.156
108 156 119.563    118.206      1.357
108 157 120.900    120.883      0.017
108 158 121.140    119.783      1.357
109 157 127.673    127.322      0.351
110 159 134.835    134.537      0.298
110 160 134.682    130.817      3.865
