9.264337158203125000e+01
9.002165222167968750e+01
8.498149108886718750e+01
8.687892150878906250e+01
8.814612579345703125e+01
8.896167755126953125e+01
8.382095336914062500e+01
8.594476318359375000e+01
8.754193115234375000e+01
9.009732818603515625e+01
9.135034942626953125e+01
8.946703338623046875e+01
9.256474304199218750e+01
9.217144012451171875e+01
8.926833343505859375e+01
8.954449462890625000e+01
8.490104675292968750e+01
8.485256958007812500e+01
8.913287353515625000e+01
8.434452819824218750e+01
8.794053649902343750e+01
9.265925598144531250e+01
8.936447143554687500e+01
9.194947052001953125e+01
8.239279937744140625e+01
8.586178588867187500e+01
8.722659301757812500e+01
8.733238983154296875e+01
8.898929595947265625e+01
8.916503143310546875e+01
8.051141357421875000e+01
8.818052673339843750e+01
8.489614105224609375e+01
8.572220611572265625e+01
8.876280975341796875e+01
8.239627075195312500e+01
8.328638458251953125e+01
8.234293365478515625e+01
9.222798919677734375e+01
8.445261383056640625e+01
9.402397155761718750e+01
8.713819885253906250e+01
8.355708312988281250e+01
8.985140991210937500e+01
8.433282470703125000e+01
8.377767944335937500e+01
9.154563903808593750e+01
8.821043395996093750e+01
8.620980072021484375e+01
8.756195068359375000e+01
9.047057342529296875e+01
8.501310729980468750e+01
8.472008514404296875e+01
8.471358489990234375e+01
8.267900848388671875e+01
9.028755950927734375e+01
9.435869598388671875e+01
8.901894378662109375e+01
8.152455902099609375e+01
9.270354461669921875e+01
8.638586425781250000e+01
8.350934600830078125e+01
8.323915100097656250e+01
8.497929382324218750e+01
8.668267059326171875e+01
8.492815399169921875e+01
8.262292480468750000e+01
8.718237304687500000e+01
8.295475006103515625e+01
8.662351989746093750e+01
8.361191558837890625e+01
8.511374664306640625e+01
8.622566986083984375e+01
8.026335144042968750e+01
8.568864440917968750e+01
8.307923126220703125e+01
8.198389434814453125e+01
7.893858337402343750e+01
8.609604644775390625e+01
8.052712249755859375e+01
8.298423767089843750e+01
8.634103393554687500e+01
8.485868835449218750e+01
8.244243621826171875e+01
8.661760711669921875e+01
7.964054870605468750e+01
7.950659942626953125e+01
7.979598999023437500e+01
8.235197448730468750e+01
8.350421142578125000e+01
8.541134643554687500e+01
8.096295166015625000e+01
8.371334838867187500e+01
7.906215667724609375e+01
7.637451934814453125e+01
8.338773345947265625e+01
7.869396972656250000e+01
8.284500122070312500e+01
8.452671813964843750e+01
8.394464111328125000e+01
8.310430145263671875e+01
8.132348632812500000e+01
8.643789672851562500e+01
8.513104248046875000e+01
8.776759338378906250e+01
8.138256835937500000e+01
8.275882720947265625e+01
8.367323303222656250e+01
8.082450866699218750e+01
8.359567260742187500e+01
7.900785064697265625e+01
7.963386535644531250e+01
7.893578338623046875e+01
8.404389953613281250e+01
8.235857391357421875e+01
7.927240753173828125e+01
7.931871795654296875e+01
8.291107177734375000e+01
7.550873565673828125e+01
8.137163543701171875e+01
8.281465148925781250e+01
7.573664093017578125e+01
7.905095672607421875e+01
7.915855407714843750e+01
7.833940124511718750e+01
7.749488067626953125e+01
8.255718231201171875e+01
7.809593963623046875e+01
8.471758270263671875e+01
7.941162872314453125e+01
8.344502258300781250e+01
8.216707611083984375e+01
7.892118072509765625e+01
7.572149658203125000e+01
7.984685516357421875e+01
8.051638031005859375e+01
8.307917785644531250e+01
8.145815277099609375e+01
8.153726196289062500e+01
7.944190216064453125e+01
7.862855529785156250e+01
8.493331146240234375e+01
8.211190795898437500e+01
8.038764953613281250e+01
8.467989349365234375e+01
7.688436126708984375e+01
7.589961242675781250e+01
7.703040313720703125e+01
7.757281494140625000e+01
8.143994903564453125e+01
7.889202117919921875e+01
7.692534637451171875e+01
7.425776672363281250e+01
8.072275543212890625e+01
7.735842132568359375e+01
7.680104827880859375e+01
8.222376251220703125e+01
7.494499206542968750e+01
7.803303527832031250e+01
7.695913696289062500e+01
7.709720611572265625e+01
8.132035827636718750e+01
7.470584869384765625e+01
7.483454895019531250e+01
7.302642822265625000e+01
7.764798736572265625e+01
7.613327789306640625e+01
7.609811401367187500e+01
7.413371276855468750e+01
7.692284393310546875e+01
7.304309844970703125e+01
7.763311767578125000e+01
6.921038818359375000e+01
7.610138702392578125e+01
7.468756103515625000e+01
8.131283569335937500e+01
7.471225738525390625e+01
7.486434173583984375e+01
8.260416412353515625e+01
7.201803588867187500e+01
7.987976074218750000e+01
7.455297088623046875e+01
7.241577911376953125e+01
7.273827362060546875e+01
7.687216186523437500e+01
7.695934295654296875e+01
8.087050628662109375e+01
7.425807189941406250e+01
7.697653198242187500e+01
6.932237243652343750e+01
7.171665954589843750e+01
7.727915191650390625e+01
7.287089538574218750e+01
8.464820861816406250e+01
7.441523742675781250e+01
8.155602264404296875e+01
7.562766265869140625e+01
7.200608062744140625e+01
7.522991180419921875e+01
7.290310668945312500e+01
6.989276123046875000e+01
7.627330017089843750e+01
7.175902557373046875e+01
7.390727996826171875e+01
7.499629211425781250e+01
7.310256195068359375e+01
7.710088348388671875e+01
7.605839538574218750e+01
7.401705932617187500e+01
7.395659637451171875e+01
7.318328094482421875e+01
7.465644836425781250e+01
7.031004333496093750e+01
7.276112365722656250e+01
7.607816314697265625e+01
7.141186523437500000e+01
7.196586608886718750e+01
7.058570861816406250e+01
7.624237060546875000e+01
6.792532348632812500e+01
6.736632537841796875e+01
7.120471954345703125e+01
7.354611968994140625e+01
7.116781616210937500e+01
7.124118804931640625e+01
7.355511474609375000e+01
7.243157196044921875e+01
7.600662994384765625e+01
6.900195312500000000e+01
7.227647399902343750e+01
7.297366333007812500e+01
7.246093750000000000e+01
7.263047790527343750e+01
7.190579986572265625e+01
6.992816925048828125e+01
7.304736328125000000e+01
7.390886688232421875e+01
6.934803009033203125e+01
7.615274047851562500e+01
7.082498931884765625e+01
7.458831024169921875e+01
7.202202606201171875e+01
7.626849365234375000e+01
7.009018707275390625e+01
7.376459503173828125e+01
7.573834228515625000e+01
7.806463623046875000e+01
6.516304016113281250e+01
7.134435272216796875e+01
7.121254730224609375e+01
7.126268005371093750e+01
7.711396026611328125e+01
7.823013305664062500e+01
6.801622009277343750e+01
7.234127807617187500e+01
7.317040252685546875e+01
6.957396697998046875e+01
7.099859619140625000e+01
7.384721374511718750e+01
7.362773132324218750e+01
7.254106903076171875e+01
7.152924346923828125e+01
6.913746643066406250e+01
7.890731811523437500e+01
7.280904388427734375e+01
7.212583923339843750e+01
6.698199462890625000e+01
7.169467926025390625e+01
7.529685211181640625e+01
6.737374877929687500e+01
6.551956176757812500e+01
6.749103546142578125e+01
6.886503601074218750e+01
7.172296905517578125e+01
6.921604919433593750e+01
6.891471099853515625e+01
7.170530700683593750e+01
7.120113372802734375e+01
6.512294006347656250e+01
7.409375000000000000e+01
7.275964355468750000e+01
7.371768951416015625e+01
6.659265899658203125e+01
7.162300872802734375e+01
6.563816833496093750e+01
7.784889221191406250e+01
7.092243194580078125e+01
7.129303741455078125e+01
7.068639373779296875e+01
6.561644744873046875e+01
7.196295166015625000e+01
7.116620635986328125e+01
6.875865173339843750e+01
7.125789642333984375e+01
6.444043731689453125e+01
6.788610076904296875e+01
6.935456085205078125e+01
6.997118377685546875e+01
7.651940917968750000e+01
6.612456512451171875e+01
6.866529846191406250e+01
6.675860595703125000e+01
6.900202178955078125e+01
7.114504241943359375e+01
6.484741973876953125e+01
6.833111572265625000e+01
6.377607727050781250e+01
6.951499176025390625e+01
7.126818847656250000e+01
6.725820922851562500e+01
6.821622467041015625e+01
6.491598510742187500e+01
7.427494049072265625e+01
6.524994659423828125e+01
6.658848571777343750e+01
6.901773834228515625e+01
7.186003112792968750e+01
6.501058959960937500e+01
7.007055664062500000e+01
6.981157684326171875e+01
6.539636230468750000e+01
6.516360473632812500e+01
6.982080841064453125e+01
6.442232513427734375e+01
6.863446807861328125e+01
6.732794952392578125e+01
6.363255691528320312e+01
6.515603637695312500e+01
6.532904815673828125e+01
6.245945358276367188e+01
6.585890960693359375e+01
6.769293975830078125e+01
6.108472824096679688e+01
6.400382995605468750e+01
6.688774871826171875e+01
6.441796875000000000e+01
6.911164093017578125e+01
6.550810241699218750e+01
7.048166656494140625e+01
6.336532974243164062e+01
6.870139312744140625e+01
6.881670379638671875e+01
6.652770233154296875e+01
6.931523895263671875e+01
6.286384963989257812e+01
6.258475494384765625e+01
7.305474853515625000e+01
6.891033935546875000e+01
6.653733825683593750e+01
6.397497558593750000e+01
5.827165603637695312e+01
6.520554351806640625e+01
6.245768356323242188e+01
6.521381378173828125e+01
6.795806884765625000e+01
6.600370788574218750e+01
6.721820831298828125e+01
6.749293518066406250e+01
6.595024871826171875e+01
5.978239059448242188e+01
6.874520874023437500e+01
6.068942260742187500e+01
6.259237670898437500e+01
7.000685119628906250e+01
6.623243713378906250e+01
6.133862304687500000e+01
6.400894927978515625e+01
6.548556518554687500e+01
6.486016082763671875e+01
6.705319213867187500e+01
6.492673492431640625e+01
6.395729446411132812e+01
6.499858093261718750e+01
6.248567962646484375e+01
6.406938171386718750e+01
6.338562011718750000e+01
6.287729644775390625e+01
6.442001342773437500e+01
6.451769256591796875e+01
6.199237442016601562e+01
6.183221435546875000e+01
6.990936279296875000e+01
6.028366088867187500e+01
6.291312026977539062e+01
6.634593963623046875e+01
6.510918426513671875e+01
6.325210571289062500e+01
6.515434265136718750e+01
6.311009597778320312e+01
5.752801895141601562e+01
6.691574859619140625e+01
6.100194549560546875e+01
6.339049148559570312e+01
5.880321121215820312e+01
7.164939117431640625e+01
6.303813934326171875e+01
5.872366714477539062e+01
6.361326599121093750e+01
5.944520568847656250e+01
6.313871002197265625e+01
6.485342407226562500e+01
6.193639373779296875e+01
6.443684387207031250e+01
6.485290527343750000e+01
5.729676055908203125e+01
6.150587463378906250e+01
6.047966003417968750e+01
6.175819396972656250e+01
5.961664962768554688e+01
5.999975967407226562e+01
6.090974044799804688e+01
6.318061065673828125e+01
5.991860198974609375e+01
6.125311279296875000e+01
6.259818267822265625e+01
6.160767364501953125e+01
6.170458984375000000e+01
6.585121154785156250e+01
6.122779464721679688e+01
5.566565322875976562e+01
6.046999740600585938e+01
6.035779953002929688e+01
6.283349990844726562e+01
5.943779373168945312e+01
5.823224639892578125e+01
5.888148498535156250e+01
6.306919860839843750e+01
5.669127655029296875e+01
5.981488418579101562e+01
5.679233551025390625e+01
6.100900268554687500e+01
6.129806137084960938e+01
6.134235382080078125e+01
6.614629364013671875e+01
6.212202835083007812e+01
5.722443008422851562e+01
6.346716308593750000e+01
5.939255905151367188e+01
6.182397842407226562e+01
5.644692611694335938e+01
6.005090713500976562e+01
6.170704269409179688e+01
5.928313827514648438e+01
6.051759719848632812e+01
5.835298919677734375e+01
6.178663635253906250e+01
6.210023117065429688e+01
6.175456237792968750e+01
6.180042266845703125e+01
6.648263549804687500e+01
5.898887252807617188e+01
6.013396072387695312e+01
6.291507720947265625e+01
6.167454910278320312e+01
5.667428970336914062e+01
5.689137649536132812e+01
5.327867889404296875e+01
5.921002578735351562e+01
6.198590087890625000e+01
5.861303710937500000e+01
6.401786804199218750e+01
5.923091506958007812e+01
6.357632064819335938e+01
6.137766265869140625e+01
5.581508636474609375e+01
6.225048065185546875e+01
5.437512207031250000e+01
5.807369232177734375e+01
6.053973007202148438e+01
5.828705978393554688e+01
5.622307968139648438e+01
6.083875656127929688e+01
5.845872879028320312e+01
5.657619857788085938e+01
6.334505844116210938e+01
5.802621459960937500e+01
5.736853027343750000e+01
5.549050903320312500e+01
5.696318817138671875e+01
6.115777206420898438e+01
5.831884384155273438e+01
6.059904479980468750e+01
6.072384262084960938e+01
5.851745605468750000e+01
5.934188461303710938e+01
5.878296279907226562e+01
5.973413467407226562e+01
5.937328720092773438e+01
5.730277252197265625e+01
6.215658569335937500e+01
6.056275177001953125e+01
5.982186126708984375e+01
5.897822952270507812e+01
6.256617736816406250e+01
5.568309783935546875e+01
5.705640029907226562e+01
5.491349411010742188e+01
6.097699737548828125e+01
6.050325775146484375e+01
5.627610778808593750e+01
