1.146016699218750000e+04
1.131656054687500000e+04
1.102878515625000000e+04
9.720117187500000000e+03
7.311669433593750000e+03
5.265961425781250000e+03
4.066204345703125000e+03
3.451328857421875000e+03
3.187010253906250000e+03
2.972845703125000000e+03
2.827689941406250000e+03
2.597156005859375000e+03
2.444041992187500000e+03
2.405057128906250000e+03
2.252064453125000000e+03
2.162191162109375000e+03
2.056971191406250000e+03
1.983119262695312500e+03
1.881411621093750000e+03
1.823552978515625000e+03
1.716892333984375000e+03
1.684376464843750000e+03
1.606908447265625000e+03
1.527949462890625000e+03
1.489402832031250000e+03
1.413508544921875000e+03
1.355317749023437500e+03
1.317026245117187500e+03
1.266819335937500000e+03
1.214524536132812500e+03
1.194460693359375000e+03
1.169287475585937500e+03
1.119798950195312500e+03
1.079660156250000000e+03
1.048969238281250000e+03
1.028007934570312500e+03
1.051565673828125000e+03
1.001498046875000000e+03
9.740888671875000000e+02
9.512423095703125000e+02
9.388295288085937500e+02
9.186364746093750000e+02
9.296575927734375000e+02
8.827080078125000000e+02
8.944757690429687500e+02
8.735219116210937500e+02
8.453556518554687500e+02
8.411582641601562500e+02
8.353396606445312500e+02
8.269405517578125000e+02
8.224719238281250000e+02
7.850387573242187500e+02
7.910212402343750000e+02
7.713168945312500000e+02
7.820513305664062500e+02
7.618076782226562500e+02
7.554707031250000000e+02
7.632202148437500000e+02
7.444924316406250000e+02
7.222925415039062500e+02
7.102182617187500000e+02
7.144353637695312500e+02
6.995495605468750000e+02
6.803400268554687500e+02
6.599448242187500000e+02
6.639567260742187500e+02
6.551504516601562500e+02
6.338392944335937500e+02
6.207361450195312500e+02
6.067872314453125000e+02
5.983178710937500000e+02
5.928804931640625000e+02
5.646950683593750000e+02
5.738286743164062500e+02
5.528164062500000000e+02
5.379469604492187500e+02
5.176419677734375000e+02
5.195579833984375000e+02
5.038644409179687500e+02
4.934264221191406250e+02
4.728912658691406250e+02
4.650485229492187500e+02
4.620423583984375000e+02
4.649365539550781250e+02
4.278233947753906250e+02
4.296382446289062500e+02
4.248839416503906250e+02
4.137783508300781250e+02
4.080484008789062500e+02
3.934903869628906250e+02
3.887706909179687500e+02
3.755760803222656250e+02
3.733743591308593750e+02
3.750664062500000000e+02
3.699418945312500000e+02
3.628031921386718750e+02
3.512267761230468750e+02
3.448407287597656250e+02
3.488988037109375000e+02
3.398251953125000000e+02
3.349060363769531250e+02
3.337435302734375000e+02
3.295777282714843750e+02
3.202867431640625000e+02
3.325840759277343750e+02
3.202835693359375000e+02
3.115445251464843750e+02
3.170127868652343750e+02
3.040657958984375000e+02
3.079030456542968750e+02
3.148507690429687500e+02
3.032408752441406250e+02
2.965296325683593750e+02
2.968628234863281250e+02
2.956643371582031250e+02
2.960902709960937500e+02
2.859956970214843750e+02
2.879302368164062500e+02
2.894752197265625000e+02
2.818841857910156250e+02
2.893140258789062500e+02
2.812929077148437500e+02
2.828355712890625000e+02
2.766472473144531250e+02
2.757897644042968750e+02
2.700071105957031250e+02
2.759024047851562500e+02
2.691751098632812500e+02
2.746567077636718750e+02
2.683313293457031250e+02
2.652797546386718750e+02
2.631000976562500000e+02
2.543134918212890625e+02
2.657163085937500000e+02
2.504628295898437500e+02
2.589217834472656250e+02
2.504033203125000000e+02
2.548574981689453125e+02
2.569826354980468750e+02
2.515238647460937500e+02
2.514483032226562500e+02
2.481916809082031250e+02
2.544974822998046875e+02
2.427444763183593750e+02
2.536244812011718750e+02
2.414732208251953125e+02
2.432705535888671875e+02
2.408953552246093750e+02
2.450488433837890625e+02
2.371538848876953125e+02
2.333491668701171875e+02
2.362313385009765625e+02
2.382739715576171875e+02
2.366693725585937500e+02
2.352707366943359375e+02
2.332705078125000000e+02
2.310135040283203125e+02
2.355028533935546875e+02
2.328648681640625000e+02
2.293726959228515625e+02
2.273027343750000000e+02
2.275982208251953125e+02
2.372262573242187500e+02
2.241195831298828125e+02
2.275857238769531250e+02
2.237083129882812500e+02
2.230863494873046875e+02
2.255646667480468750e+02
2.223257293701171875e+02
2.183242187500000000e+02
2.208482971191406250e+02
2.281001434326171875e+02
2.141347503662109375e+02
2.158881988525390625e+02
2.145323638916015625e+02
2.199777832031250000e+02
2.179210357666015625e+02
2.089513702392578125e+02
2.129982299804687500e+02
2.140857849121093750e+02
2.082162170410156250e+02
2.165020446777343750e+02
2.059239196777343750e+02
2.141248321533203125e+02
2.075383758544921875e+02
2.012848358154296875e+02
2.138295288085937500e+02
2.035518798828125000e+02
2.085456237792968750e+02
2.061063232421875000e+02
2.061692352294921875e+02
2.044370117187500000e+02
2.040601501464843750e+02
2.017017517089843750e+02
2.088315887451171875e+02
2.012582855224609375e+02
2.054046936035156250e+02
2.035041503906250000e+02
2.026665496826171875e+02
2.049229125976562500e+02
1.982814483642578125e+02
1.995864562988281250e+02
2.014817352294921875e+02
1.950983734130859375e+02
2.058144073486328125e+02
1.962980804443359375e+02
2.011563568115234375e+02
1.980338745117187500e+02
1.981969146728515625e+02
1.939559326171875000e+02
1.906176300048828125e+02
1.900714874267578125e+02
1.971847686767578125e+02
1.917124938964843750e+02
1.946965789794921875e+02
1.967127990722656250e+02
1.925405883789062500e+02
1.868732452392578125e+02
1.936770477294921875e+02
1.963416137695312500e+02
1.908776702880859375e+02
1.962804107666015625e+02
1.840962829589843750e+02
1.929741363525390625e+02
1.827322845458984375e+02
1.900212249755859375e+02
1.873576049804687500e+02
1.890082702636718750e+02
1.893077850341796875e+02
1.882789916992187500e+02
1.868384246826171875e+02
1.865200805664062500e+02
1.840718994140625000e+02
1.821483459472656250e+02
1.903710937500000000e+02
1.804734954833984375e+02
1.810519866943359375e+02
1.849771881103515625e+02
1.860431671142578125e+02
1.832149505615234375e+02
1.815847778320312500e+02
1.819094696044921875e+02
1.755609893798828125e+02
1.840059814453125000e+02
1.806878967285156250e+02
1.765925140380859375e+02
1.796310729980468750e+02
1.800839843750000000e+02
1.802865142822265625e+02
1.841398162841796875e+02
1.774829864501953125e+02
1.754580535888671875e+02
1.821934509277343750e+02
1.764573516845703125e+02
1.803309326171875000e+02
1.747590637207031250e+02
1.804495544433593750e+02
1.768432769775390625e+02
1.789072570800781250e+02
1.763091735839843750e+02
1.799710998535156250e+02
1.710586700439453125e+02
1.785790405273437500e+02
1.763920135498046875e+02
1.704349060058593750e+02
1.733293914794921875e+02
1.697143402099609375e+02
1.761289978027343750e+02
1.770608673095703125e+02
1.675638427734375000e+02
1.708281707763671875e+02
1.726442413330078125e+02
1.698035736083984375e+02
1.732732543945312500e+02
1.646000366210937500e+02
1.703784790039062500e+02
1.737649688720703125e+02
1.691484985351562500e+02
1.688517303466796875e+02
1.674715118408203125e+02
1.664223175048828125e+02
1.688210906982421875e+02
1.630209808349609375e+02
1.643676605224609375e+02
1.680971984863281250e+02
1.665462493896484375e+02
1.690238647460937500e+02
1.632513732910156250e+02
1.687141113281250000e+02
1.647476959228515625e+02
1.660606231689453125e+02
1.618389282226562500e+02
1.686972961425781250e+02
1.686402130126953125e+02
1.619273681640625000e+02
1.638892517089843750e+02
1.610342254638671875e+02
1.639852142333984375e+02
1.646457061767578125e+02
1.609558258056640625e+02
1.623404541015625000e+02
1.617094573974609375e+02
1.597779998779296875e+02
1.604880981445312500e+02
1.613528747558593750e+02
1.598852386474609375e+02
1.558135070800781250e+02
1.643256225585937500e+02
1.576222839355468750e+02
1.646918487548828125e+02
1.555713958740234375e+02
1.605730743408203125e+02
1.537939758300781250e+02
1.574278564453125000e+02
1.611774902343750000e+02
1.673938140869140625e+02
1.546799163818359375e+02
1.567039184570312500e+02
1.601687011718750000e+02
1.550776367187500000e+02
1.564688262939453125e+02
1.592478942871093750e+02
1.531834259033203125e+02
1.584017791748046875e+02
1.549911956787109375e+02
1.516565704345703125e+02
1.494734039306640625e+02
1.513486480712890625e+02
1.531330261230468750e+02
1.554429016113281250e+02
1.558978729248046875e+02
1.523303680419921875e+02
1.502908477783203125e+02
1.499782714843750000e+02
1.525207366943359375e+02
1.468052215576171875e+02
1.507285766601562500e+02
1.483681793212890625e+02
1.519208374023437500e+02
1.488780670166015625e+02
1.471293487548828125e+02
1.560743103027343750e+02
1.470858001708984375e+02
1.499610290527343750e+02
1.512291107177734375e+02
1.489042663574218750e+02
1.491258697509765625e+02
1.465346832275390625e+02
1.515348510742187500e+02
1.477947692871093750e+02
1.506724395751953125e+02
1.438224945068359375e+02
1.461512908935546875e+02
1.525754699707031250e+02
1.478272705078125000e+02
1.451083221435546875e+02
1.397060241699218750e+02
1.524759216308593750e+02
1.473956604003906250e+02
1.472218322753906250e+02
1.478348846435546875e+02
1.499001159667968750e+02
1.453132781982421875e+02
1.453657379150390625e+02
1.453080902099609375e+02
1.450860595703125000e+02
1.441061248779296875e+02
1.466932373046875000e+02
1.438155364990234375e+02
1.474004974365234375e+02
1.414364318847656250e+02
1.445351257324218750e+02
1.420955810546875000e+02
1.455763702392578125e+02
1.440142211914062500e+02
1.431914367675781250e+02
1.399468994140625000e+02
1.393786163330078125e+02
1.395949401855468750e+02
1.357208099365234375e+02
1.425826873779296875e+02
1.384356231689453125e+02
1.436607055664062500e+02
1.363518524169921875e+02
1.464040222167968750e+02
1.376813354492187500e+02
1.396238708496093750e+02
1.360955352783203125e+02
1.402673797607421875e+02
1.391503448486328125e+02
1.399026794433593750e+02
1.422433929443359375e+02
1.385726013183593750e+02
1.358822631835937500e+02
1.401823730468750000e+02
1.365495147705078125e+02
1.400129394531250000e+02
1.377314758300781250e+02
1.422552490234375000e+02
1.381495819091796875e+02
1.367299804687500000e+02
1.403869171142578125e+02
1.425325164794921875e+02
1.337680816650390625e+02
1.343297576904296875e+02
1.348290557861328125e+02
1.355058135986328125e+02
1.379085845947265625e+02
1.389598846435546875e+02
1.377423858642578125e+02
1.359446563720703125e+02
1.338380889892578125e+02
1.330872802734375000e+02
1.327769622802734375e+02
1.325168914794921875e+02
1.337011566162109375e+02
1.333805999755859375e+02
1.321858978271484375e+02
1.316960601806640625e+02
1.353710937500000000e+02
1.330296783447265625e+02
1.317489318847656250e+02
1.379298248291015625e+02
1.320408172607421875e+02
1.297027130126953125e+02
1.357470703125000000e+02
1.335979766845703125e+02
1.332104797363281250e+02
1.327460784912109375e+02
1.318681640625000000e+02
1.348977508544921875e+02
1.338286285400390625e+02
1.333929595947265625e+02
1.345020446777343750e+02
1.358988952636718750e+02
1.301806335449218750e+02
1.355198516845703125e+02
1.286869659423828125e+02
1.336834411621093750e+02
1.284864959716796875e+02
1.283095092773437500e+02
1.330496520996093750e+02
1.317418212890625000e+02
1.323217468261718750e+02
1.347209014892578125e+02
1.250042953491210938e+02
1.276707382202148438e+02
1.274525833129882812e+02
1.302830657958984375e+02
1.296983947753906250e+02
1.281141967773437500e+02
1.267277603149414062e+02
1.304831237792968750e+02
1.280632171630859375e+02
1.276031951904296875e+02
1.300244445800781250e+02
1.303744354248046875e+02
1.270888214111328125e+02
1.275095214843750000e+02
1.271958999633789062e+02
1.292699127197265625e+02
1.304657440185546875e+02
1.251505203247070312e+02
1.280885009765625000e+02
1.272983398437500000e+02
1.268916625976562500e+02
1.247345886230468750e+02
1.263565750122070312e+02
1.228768463134765625e+02
1.275886993408203125e+02
1.247514953613281250e+02
1.314017181396484375e+02
1.277450256347656250e+02
1.289946441650390625e+02
1.252806320190429688e+02
1.269781646728515625e+02
1.223686294555664062e+02
1.225710220336914062e+02
1.266757202148437500e+02
1.206809844970703125e+02
1.203225631713867188e+02
1.226380615234375000e+02
1.227801437377929688e+02
1.226138305664062500e+02
1.229586715698242188e+02
1.259629058837890625e+02
1.238234176635742188e+02
1.200182647705078125e+02
1.246515502929687500e+02
1.246434631347656250e+02
1.195794906616210938e+02
1.236246261596679688e+02
1.244708099365234375e+02
1.186462478637695312e+02
1.211164321899414062e+02
1.210943984985351562e+02
1.193615188598632812e+02
1.180381240844726562e+02
1.222260131835937500e+02
1.272343978881835938e+02
1.214868469238281250e+02
1.203791580200195312e+02
1.195310974121093750e+02
1.178895034790039062e+02
1.161331939697265625e+02
1.193541336059570312e+02
1.210149993896484375e+02
1.200687255859375000e+02
1.196416168212890625e+02
1.186145935058593750e+02
1.189363708496093750e+02
1.236375503540039062e+02
1.186092834472656250e+02
1.190705261230468750e+02
1.201302261352539062e+02
1.232067947387695312e+02
1.141407699584960938e+02
1.174389266967773438e+02
1.175952911376953125e+02
1.164614486694335938e+02
1.169034805297851562e+02
1.172352447509765625e+02
1.181612167358398438e+02
1.148789672851562500e+02
1.135758132934570312e+02
1.168226470947265625e+02
1.169417572021484375e+02
1.149123611450195312e+02
1.130252532958984375e+02
1.138296051025390625e+02
1.181280441284179688e+02
1.145217514038085938e+02
1.170371170043945312e+02
1.163509521484375000e+02
1.166606826782226562e+02
1.134815673828125000e+02
1.163674240112304688e+02
1.154781875610351562e+02
1.118920669555664062e+02
1.176813735961914062e+02
1.129154891967773438e+02
1.121030731201171875e+02
1.111993789672851562e+02
1.139307098388671875e+02
1.102194519042968750e+02
1.126108551025390625e+02
1.148163299560546875e+02
1.127916183471679688e+02
1.141048583984375000e+02
1.137036437988281250e+02
1.167775192260742188e+02
1.145045700073242188e+02
1.160631332397460938e+02
1.098269195556640625e+02
1.150257644653320312e+02
1.124011535644531250e+02
1.143594741821289062e+02
1.114421234130859375e+02
1.110833587646484375e+02
1.142238998413085938e+02
1.100187454223632812e+02
1.166720352172851562e+02
1.137134628295898438e+02
1.105620040893554688e+02
1.103462371826171875e+02
1.104113998413085938e+02
1.107200241088867188e+02
1.109753341674804688e+02
1.084169082641601562e+02
1.118163146972656250e+02
1.112413635253906250e+02
1.145062179565429688e+02
1.085251388549804688e+02
1.093150787353515625e+02
1.078210830688476562e+02
1.115779342651367188e+02
1.116982879638671875e+02
1.072243423461914062e+02
1.097050323486328125e+02
1.116908798217773438e+02
1.118138961791992188e+02
1.094635314941406250e+02
1.120029296875000000e+02
1.080596542358398438e+02
1.094177246093750000e+02
1.078646926879882812e+02
1.054269866943359375e+02
1.106882247924804688e+02
1.091356201171875000e+02
1.094670715332031250e+02
1.045995101928710938e+02
1.075733032226562500e+02
1.095418090820312500e+02
1.114915084838867188e+02
1.059113540649414062e+02
1.036484603881835938e+02
1.076622238159179688e+02
1.053163757324218750e+02
1.071939697265625000e+02
1.081374130249023438e+02
1.072188568115234375e+02
1.077897644042968750e+02
1.055062179565429688e+02
1.056708908081054688e+02
1.026368865966796875e+02
1.096583786010742188e+02
1.067939834594726562e+02
1.028009567260742188e+02
1.110819778442382812e+02
1.039056091308593750e+02
1.048643112182617188e+02
1.009584197998046875e+02
1.049120025634765625e+02
1.049292144775390625e+02
1.073568420410156250e+02
1.053668136596679688e+02
1.051276626586914062e+02
1.043475036621093750e+02
1.004110183715820312e+02
1.090647659301757812e+02
1.010552673339843750e+02
1.056269149780273438e+02
1.040499649047851562e+02
1.039500045776367188e+02
1.023338470458984375e+02
1.014778594970703125e+02
1.055674819946289062e+02
1.046847686767578125e+02
1.033914413452148438e+02
1.012212371826171875e+02
1.043354721069335938e+02
1.054432830810546875e+02
1.003619689941406250e+02
1.008917465209960938e+02
1.064976348876953125e+02
1.033196868896484375e+02
1.076197509765625000e+02
1.021912307739257812e+02
1.021893310546875000e+02
1.036029052734375000e+02
1.056010055541992188e+02
1.038650970458984375e+02
1.005053176879882812e+02
1.032818374633789062e+02
9.824227142333984375e+01
1.022863311767578125e+02
1.004491500854492188e+02
9.527468872070312500e+01
1.010670623779296875e+02
1.034074859619140625e+02
9.527491760253906250e+01
9.975596618652343750e+01
9.773072052001953125e+01
1.014510116577148438e+02
9.650710296630859375e+01
1.011604919433593750e+02
1.025575180053710938e+02
9.889093780517578125e+01
9.865581512451171875e+01
1.017164916992187500e+02
9.843943786621093750e+01
9.696076965332031250e+01
9.818151092529296875e+01
1.028523559570312500e+02
9.858209228515625000e+01
9.707392120361328125e+01
1.027576904296875000e+02
9.987537384033203125e+01
9.910751342773437500e+01
9.753244781494140625e+01
1.021804046630859375e+02
9.916025543212890625e+01
9.816496276855468750e+01
9.780129241943359375e+01
9.573361968994140625e+01
9.962688446044921875e+01
9.743395233154296875e+01
9.585336303710937500e+01
9.511330413818359375e+01
9.763058471679687500e+01
9.710240173339843750e+01
9.658383178710937500e+01
1.002488098144531250e+02
9.637035369873046875e+01
1.018415756225585938e+02
9.753816223144531250e+01
9.676211547851562500e+01
9.950152587890625000e+01
9.615666198730468750e+01
9.933003997802734375e+01
9.603238677978515625e+01
9.756639862060546875e+01
9.645930480957031250e+01
9.573994445800781250e+01
9.899420166015625000e+01
9.463886260986328125e+01
9.483188629150390625e+01
9.559339904785156250e+01
9.637553405761718750e+01
9.323853302001953125e+01
9.508569335937500000e+01
9.757821655273437500e+01
9.447399902343750000e+01
9.399426269531250000e+01
9.440769958496093750e+01
9.579299163818359375e+01
9.550350189208984375e+01
9.283458709716796875e+01
9.582164001464843750e+01
9.358179473876953125e+01
8.896388244628906250e+01
9.412191009521484375e+01
8.888718414306640625e+01
9.492710876464843750e+01
9.433700561523437500e+01
9.235540771484375000e+01
9.116815948486328125e+01
9.579370880126953125e+01
9.196628570556640625e+01
9.317231750488281250e+01
9.334407043457031250e+01
9.469151306152343750e+01
9.600923919677734375e+01
8.960885620117187500e+01
9.424758911132812500e+01
9.427885437011718750e+01
9.256393432617187500e+01
9.382429504394531250e+01
9.200017547607421875e+01
9.335671234130859375e+01
9.149352264404296875e+01
9.784950256347656250e+01
9.137445831298828125e+01
9.260988616943359375e+01
9.373672485351562500e+01
9.299339294433593750e+01
8.997380828857421875e+01
9.332243347167968750e+01
8.553474426269531250e+01
9.464587402343750000e+01
9.169171905517578125e+01
8.985425567626953125e+01
8.956921386718750000e+01
9.157009887695312500e+01
8.520178985595703125e+01
9.424738311767578125e+01
8.923249053955078125e+01
9.344997406005859375e+01
9.384571838378906250e+01
9.125882720947265625e+01
9.084410858154296875e+01
9.067470550537109375e+01
9.078971862792968750e+01
9.128875732421875000e+01
9.053022003173828125e+01
9.182179260253906250e+01
8.754637145996093750e+01
9.140895843505859375e+01
9.056023406982421875e+01
9.331014251708984375e+01
9.231967163085937500e+01
9.057585906982421875e+01
9.369042205810546875e+01
8.960314178466796875e+01
8.894638061523437500e+01
8.845093536376953125e+01
8.841188049316406250e+01
9.124208068847656250e+01
8.874290466308593750e+01
8.837952423095703125e+01
8.893124389648437500e+01
9.222309875488281250e+01
9.081417846679687500e+01
8.448397827148437500e+01
8.978109741210937500e+01
9.214824676513671875e+01
8.849057769775390625e+01
9.132755279541015625e+01
9.239773559570312500e+01
9.102862548828125000e+01
8.985301971435546875e+01
8.314888000488281250e+01
8.669223022460937500e+01
8.847389984130859375e+01
9.135878753662109375e+01
8.692207336425781250e+01
8.614731597900390625e+01
9.218856048583984375e+01
8.218626403808593750e+01
9.320508575439453125e+01
9.040976715087890625e+01
8.837748718261718750e+01
8.568182373046875000e+01
8.808594512939453125e+01
8.841203308105468750e+01
8.756808471679687500e+01
8.442963409423828125e+01
8.538899230957031250e+01
8.418628692626953125e+01
8.964971923828125000e+01
8.794283294677734375e+01
8.679357147216796875e+01
8.719192504882812500e+01
8.436288452148437500e+01
8.157184600830078125e+01
8.806026458740234375e+01
8.908280944824218750e+01
8.680441284179687500e+01
9.014992523193359375e+01
8.676939392089843750e+01
8.963861083984375000e+01
8.126048278808593750e+01
8.490132141113281250e+01
8.957969665527343750e+01
8.518424224853515625e+01
8.835329437255859375e+01
8.544827270507812500e+01
8.631747436523437500e+01
8.910103607177734375e+01
8.329463195800781250e+01
9.281218719482421875e+01
8.091620635986328125e+01
8.927383422851562500e+01
8.398990631103515625e+01
8.917504882812500000e+01
8.123052978515625000e+01
8.232254028320312500e+01
8.607762145996093750e+01
8.577028656005859375e+01
8.502972412109375000e+01
8.302834320068359375e+01
8.484367370605468750e+01
8.698677825927734375e+01
8.171964263916015625e+01
8.623262023925781250e+01
8.411953735351562500e+01
8.103295898437500000e+01
8.746040344238281250e+01
8.303959655761718750e+01
8.228214263916015625e+01
8.436003112792968750e+01
8.273635864257812500e+01
8.293264007568359375e+01
8.163697052001953125e+01
8.482683563232421875e+01
8.373581695556640625e+01
8.371102905273437500e+01
8.122280120849609375e+01
8.113841247558593750e+01
8.235903167724609375e+01
8.459928131103515625e+01
7.825029754638671875e+01
8.127671051025390625e+01
7.969081115722656250e+01
8.304597473144531250e+01
8.491502380371093750e+01
7.917298889160156250e+01
7.899121856689453125e+01
8.611756896972656250e+01
8.276228332519531250e+01
8.856713867187500000e+01
7.895396423339843750e+01
8.262208557128906250e+01
8.193166351318359375e+01
8.531851196289062500e+01
7.595209503173828125e+01
8.528951263427734375e+01
8.110836029052734375e+01
8.239202117919921875e+01
8.284267425537109375e+01
8.240791320800781250e+01
7.819358825683593750e+01
7.775136566162109375e+01
8.014571380615234375e+01
8.596945190429687500e+01
7.951534271240234375e+01
8.090829467773437500e+01
7.455045318603515625e+01
7.783021545410156250e+01
8.202317047119140625e+01
7.538240051269531250e+01
8.154795074462890625e+01
8.023480224609375000e+01
8.169772338867187500e+01
7.886573791503906250e+01
8.132876586914062500e+01
8.093146514892578125e+01
8.122353363037109375e+01
7.800160980224609375e+01
8.284075927734375000e+01
7.553551483154296875e+01
8.277587127685546875e+01
7.833450317382812500e+01
8.111569976806640625e+01
7.692162322998046875e+01
7.949086761474609375e+01
7.739359283447265625e+01
7.879828643798828125e+01
8.346677398681640625e+01
7.205628967285156250e+01
7.715275573730468750e+01
8.055161285400390625e+01
7.870910644531250000e+01
7.780302429199218750e+01
8.369501495361328125e+01
7.785369110107421875e+01
8.131304931640625000e+01
7.993068695068359375e+01
7.541539764404296875e+01
7.989063262939453125e+01
7.919539642333984375e+01
7.933121490478515625e+01
7.970779418945312500e+01
8.230340576171875000e+01
8.226982879638671875e+01
7.445643615722656250e+01
7.359905242919921875e+01
7.740562438964843750e+01
7.471205139160156250e+01
8.281696319580078125e+01
7.861540985107421875e+01
7.605799102783203125e+01
7.675415039062500000e+01
7.306637573242187500e+01
7.916877746582031250e+01
7.647446441650390625e+01
7.846202087402343750e+01
7.521849060058593750e+01
7.686051940917968750e+01
7.877211761474609375e+01
7.573931884765625000e+01
8.423749542236328125e+01
7.081407928466796875e+01
7.581380462646484375e+01
8.150363922119140625e+01
8.051942443847656250e+01
7.827416992187500000e+01
8.064830017089843750e+01
7.573392486572265625e+01
7.648753356933593750e+01
7.716157531738281250e+01
7.534111785888671875e+01
8.231792449951171875e+01
8.026277923583984375e+01
7.552116394042968750e+01
7.610569763183593750e+01
7.790007019042968750e+01
7.627872467041015625e+01
7.337294769287109375e+01
7.601306915283203125e+01
7.362728881835937500e+01
7.740209197998046875e+01
7.215570831298828125e+01
7.539541625976562500e+01
7.506928253173828125e+01
7.211002349853515625e+01
7.102532196044921875e+01
7.848046112060546875e+01
7.992918395996093750e+01
7.366911315917968750e+01
7.448706817626953125e+01
7.496417236328125000e+01
7.166722106933593750e+01
7.971564483642578125e+01
7.918087005615234375e+01
7.425283813476562500e+01
7.689147186279296875e+01
7.668395996093750000e+01
7.238143157958984375e+01
7.272531127929687500e+01
7.518726348876953125e+01
7.438330841064453125e+01
7.353516387939453125e+01
7.467574310302734375e+01
7.048440551757812500e+01
7.629647827148437500e+01
7.763392639160156250e+01
7.381743621826171875e+01
7.268089294433593750e+01
8.040602874755859375e+01
7.851904296875000000e+01
8.126911163330078125e+01
7.223505401611328125e+01
7.405753326416015625e+01
7.142342376708984375e+01
7.460827636718750000e+01
7.558969879150390625e+01
6.587525939941406250e+01
7.410719299316406250e+01
6.820802307128906250e+01
7.319096374511718750e+01
7.409604644775390625e+01
7.538247680664062500e+01
7.420010375976562500e+01
7.051851654052734375e+01
7.648561096191406250e+01
6.825301361083984375e+01
7.497135925292968750e+01
7.209999084472656250e+01
7.202223205566406250e+01
