1.764559936523437500e+01
1.264639282226562500e+01
1.145601654052734375e+01
1.074969005584716797e+01
1.032844734191894531e+01
9.933946609497070312e+00
9.671685218811035156e+00
9.313896179199218750e+00
9.270364761352539062e+00
9.155974388122558594e+00
9.034303665161132812e+00
8.828401565551757812e+00
8.773444175720214844e+00
8.729066848754882812e+00
8.592618942260742188e+00
8.472763061523437500e+00
8.495219230651855469e+00
8.396753311157226562e+00
8.282264709472656250e+00
8.227973937988281250e+00
8.218723297119140625e+00
8.111973762512207031e+00
8.045275688171386719e+00
8.057130813598632812e+00
7.962181091308593750e+00
7.915947437286376953e+00
7.907748222351074219e+00
7.837662696838378906e+00
7.821706295013427734e+00
7.740153789520263672e+00
7.592037677764892578e+00
7.711823940277099609e+00
7.606237411499023438e+00
7.616006374359130859e+00
7.590407371520996094e+00
7.528139591217041016e+00
7.485371589660644531e+00
7.429241180419921875e+00
7.487119674682617188e+00
7.453605175018310547e+00
7.412260532379150391e+00
7.412698745727539062e+00
7.367057323455810547e+00
7.337770462036132812e+00
7.308875560760498047e+00
7.319271087646484375e+00
7.262236118316650391e+00
7.222449302673339844e+00
7.247263431549072266e+00
7.239899635314941406e+00
7.194937229156494141e+00
7.168838024139404297e+00
7.155323505401611328e+00
7.144341468811035156e+00
7.146163940429687500e+00
7.121039867401123047e+00
7.074704647064208984e+00
7.049189090728759766e+00
7.074827194213867188e+00
6.989595890045166016e+00
7.031630039215087891e+00
7.003062725067138672e+00
6.965664863586425781e+00
6.969851493835449219e+00
6.946768760681152344e+00
6.872402191162109375e+00
6.909809589385986328e+00
6.921701431274414062e+00
6.880499362945556641e+00
6.833985805511474609e+00
6.890451431274414062e+00
6.877645492553710938e+00
6.825869083404541016e+00
6.849831581115722656e+00
6.805350780487060547e+00
6.778014659881591797e+00
6.779932022094726562e+00
6.772475719451904297e+00
6.761753082275390625e+00
6.766518115997314453e+00
6.732407569885253906e+00
6.735043525695800781e+00
6.704688549041748047e+00
6.703785419464111328e+00
6.679238319396972656e+00
6.694077014923095703e+00
6.666611194610595703e+00
6.652507305145263672e+00
6.636978149414062500e+00
6.593872070312500000e+00
6.600160121917724609e+00
6.594313144683837891e+00
6.601802825927734375e+00
6.620229244232177734e+00
6.558370113372802734e+00
6.571139335632324219e+00
6.544608116149902344e+00
6.516309738159179688e+00
6.528152942657470703e+00
6.536958217620849609e+00
6.522864818572998047e+00
6.536284446716308594e+00
6.477388858795166016e+00
6.500470161437988281e+00
6.484527587890625000e+00
6.412497997283935547e+00
6.477499485015869141e+00
6.468218803405761719e+00
6.416955471038818359e+00
6.438398838043212891e+00
6.425191402435302734e+00
6.422896385192871094e+00
6.416042804718017578e+00
6.409798622131347656e+00
6.373830318450927734e+00
6.347310066223144531e+00
6.377717494964599609e+00
6.315634250640869141e+00
6.364222526550292969e+00
6.321823596954345703e+00
6.270678520202636719e+00
6.316646575927734375e+00
6.279284954071044922e+00
6.268068313598632812e+00
6.290639877319335938e+00
6.260492324829101562e+00
6.250897884368896484e+00
6.283359527587890625e+00
6.240091323852539062e+00
6.242131233215332031e+00
6.240349292755126953e+00
6.203481197357177734e+00
6.175041675567626953e+00
6.207167625427246094e+00
6.199319362640380859e+00
6.195924758911132812e+00
6.168703556060791016e+00
6.180390357971191406e+00
6.183100223541259766e+00
6.178508758544921875e+00
6.145299434661865234e+00
6.143469333648681641e+00
6.125685691833496094e+00
6.073493003845214844e+00
6.105321884155273438e+00
6.085761070251464844e+00
6.134753227233886719e+00
6.111824989318847656e+00
6.120500564575195312e+00
6.082617759704589844e+00
6.088737010955810547e+00
6.050797939300537109e+00
6.056224822998046875e+00
6.073983669281005859e+00
6.034908771514892578e+00
6.053673744201660156e+00
6.027086734771728516e+00
6.035404205322265625e+00
6.030227184295654297e+00
5.998317241668701172e+00
6.002526760101318359e+00
6.003855228424072266e+00
6.004456520080566406e+00
6.005546569824218750e+00
5.993236064910888672e+00
5.998146533966064453e+00
5.986196994781494141e+00
5.943169593811035156e+00
5.958600044250488281e+00
5.960503578186035156e+00
5.966175079345703125e+00
5.934214591979980469e+00
5.951827526092529297e+00
5.917578697204589844e+00
5.940987110137939453e+00
5.930491447448730469e+00
5.916957378387451172e+00
5.916972160339355469e+00
5.914670467376708984e+00
5.908629417419433594e+00
5.894230842590332031e+00
5.899236202239990234e+00
5.852960109710693359e+00
5.873701095581054688e+00
5.865725040435791016e+00
5.865364074707031250e+00
5.850329875946044922e+00
5.812600612640380859e+00
5.864649295806884766e+00
5.808147907257080078e+00
5.841657161712646484e+00
5.824076175689697266e+00
5.793660163879394531e+00
5.826413631439208984e+00
5.836346626281738281e+00
5.785636425018310547e+00
5.806312084197998047e+00
5.788352489471435547e+00
5.795022487640380859e+00
5.721841812133789062e+00
5.794232845306396484e+00
5.779264926910400391e+00
5.748310089111328125e+00
5.778216361999511719e+00
5.774205684661865234e+00
5.763980388641357422e+00
5.756229400634765625e+00
5.722774982452392578e+00
5.740403652191162109e+00
5.711449146270751953e+00
5.741275310516357422e+00
5.724457740783691406e+00
5.713246822357177734e+00
5.692880153656005859e+00
5.708312034606933594e+00
5.704041957855224609e+00
5.697857856750488281e+00
5.693743228912353516e+00
5.694405555725097656e+00
5.679440021514892578e+00
5.695488452911376953e+00
5.658373355865478516e+00
5.676229476928710938e+00
5.673583030700683594e+00
5.662327766418457031e+00
5.637444496154785156e+00
5.664948940277099609e+00
5.631742954254150391e+00
5.640696048736572266e+00
5.621775627136230469e+00
5.623772621154785156e+00
5.619654655456542969e+00
5.625925064086914062e+00
5.627293586730957031e+00
5.616681098937988281e+00
5.584844112396240234e+00
5.588989734649658203e+00
5.609214305877685547e+00
5.583103179931640625e+00
5.562723636627197266e+00
5.576665401458740234e+00
5.554275035858154297e+00
5.587431430816650391e+00
5.572818756103515625e+00
5.587512493133544922e+00
5.569803237915039062e+00
5.542645931243896484e+00
5.555513381958007812e+00
5.536868572235107422e+00
5.553174018859863281e+00
5.544207572937011719e+00
5.547748565673828125e+00
5.534257888793945312e+00
5.528588294982910156e+00
5.498096466064453125e+00
5.514708995819091797e+00
5.539056777954101562e+00
5.472723007202148438e+00
5.500902652740478516e+00
5.510443687438964844e+00
5.484061717987060547e+00
5.504251956939697266e+00
5.460792541503906250e+00
5.486667633056640625e+00
5.490767002105712891e+00
5.473597526550292969e+00
5.483742713928222656e+00
5.482507705688476562e+00
5.452479839324951172e+00
5.451227664947509766e+00
5.473993301391601562e+00
5.452295303344726562e+00
5.445982933044433594e+00
5.454331874847412109e+00
5.440465450286865234e+00
5.403678417205810547e+00
5.441497802734375000e+00
5.420542240142822266e+00
5.445529460906982422e+00
5.435478687286376953e+00
5.420447826385498047e+00
5.422637462615966797e+00
5.407049655914306641e+00
5.392236232757568359e+00
5.410078048706054688e+00
5.422755241394042969e+00
5.360410690307617188e+00
5.385097026824951172e+00
5.401260375976562500e+00
5.398925304412841797e+00
5.379186153411865234e+00
5.377282619476318359e+00
5.384371280670166016e+00
5.380913257598876953e+00
5.358950138092041016e+00
5.378359794616699219e+00
5.373235225677490234e+00
5.336811542510986328e+00
5.362418651580810547e+00
5.349016666412353516e+00
5.334461688995361328e+00
5.345518589019775391e+00
5.342238903045654297e+00
5.328090667724609375e+00
5.341921806335449219e+00
5.316886901855468750e+00
5.296718597412109375e+00
5.322634696960449219e+00
5.310976505279541016e+00
5.331683635711669922e+00
5.309755802154541016e+00
5.313783645629882812e+00
5.299563884735107422e+00
5.318593025207519531e+00
5.294215202331542969e+00
5.277738094329833984e+00
5.306118965148925781e+00
5.294997215270996094e+00
5.278941154479980469e+00
5.281447410583496094e+00
5.273659706115722656e+00
5.267881393432617188e+00
5.285638809204101562e+00
5.234814167022705078e+00
5.271600246429443359e+00
5.238765239715576172e+00
5.270810127258300781e+00
5.256726741790771484e+00
5.229089736938476562e+00
5.258206844329833984e+00
5.249743461608886719e+00
5.221093177795410156e+00
5.222621917724609375e+00
5.241791248321533203e+00
5.225466251373291016e+00
5.231863021850585938e+00
5.224768161773681641e+00
5.227277755737304688e+00
5.217934131622314453e+00
5.226272106170654297e+00
5.221904277801513672e+00
5.210351467132568359e+00
5.199276924133300781e+00
5.191801548004150391e+00
5.207646846771240234e+00
5.188573360443115234e+00
5.207077026367187500e+00
5.176938533782958984e+00
5.200382709503173828e+00
5.169026851654052734e+00
5.190202713012695312e+00
5.180474758148193359e+00
5.184233188629150391e+00
5.169405460357666016e+00
5.168292999267578125e+00
5.158352851867675781e+00
5.149745464324951172e+00
5.167890548706054688e+00
5.159894466400146484e+00
5.154767990112304688e+00
5.150407314300537109e+00
5.132312297821044922e+00
5.163521289825439453e+00
5.143893718719482422e+00
5.116580009460449219e+00
5.107434272766113281e+00
5.137368679046630859e+00
5.117761135101318359e+00
5.133636474609375000e+00
5.135469436645507812e+00
5.117751121520996094e+00
5.115721702575683594e+00
5.120171546936035156e+00
5.127934932708740234e+00
5.105502128601074219e+00
5.122666835784912109e+00
5.100804328918457031e+00
5.103962898254394531e+00
5.098435878753662109e+00
5.102043628692626953e+00
5.090627193450927734e+00
5.082831859588623047e+00
5.089825630187988281e+00
5.083000183105468750e+00
5.076921463012695312e+00
5.082557678222656250e+00
5.066446304321289062e+00
5.076683044433593750e+00
5.068100929260253906e+00
5.072226524353027344e+00
5.035869121551513672e+00
5.066284656524658203e+00
5.050931930541992188e+00
5.055230617523193359e+00
5.046170234680175781e+00
5.024373054504394531e+00
5.059989929199218750e+00
5.050952911376953125e+00
5.037538051605224609e+00
5.050404071807861328e+00
5.022766590118408203e+00
5.026174545288085938e+00
5.036178588867187500e+00
5.036239147186279297e+00
5.006462574005126953e+00
5.003527641296386719e+00
5.016633510589599609e+00
4.987090587615966797e+00
5.017605304718017578e+00
5.014394760131835938e+00
5.010337829589843750e+00
4.985584259033203125e+00
4.993527412414550781e+00
4.992734909057617188e+00
4.990692138671875000e+00
4.991529941558837891e+00
4.966250896453857422e+00
4.980899810791015625e+00
4.986226081848144531e+00
4.981590270996093750e+00
4.965007781982421875e+00
4.962683677673339844e+00
4.965141773223876953e+00
4.963816642761230469e+00
4.964751243591308594e+00
4.965590476989746094e+00
4.955769538879394531e+00
4.942343711853027344e+00
4.953436851501464844e+00
4.957261085510253906e+00
4.949425220489501953e+00
4.941664218902587891e+00
4.941054344177246094e+00
4.929113388061523438e+00
4.948287487030029297e+00
4.926087379455566406e+00
4.933752536773681641e+00
4.936166763305664062e+00
4.916408538818359375e+00
4.903099060058593750e+00
4.931214809417724609e+00
4.930029869079589844e+00
4.926196575164794922e+00
4.914368629455566406e+00
4.903035163879394531e+00
4.907779216766357422e+00
4.907242774963378906e+00
4.908060073852539062e+00
4.902459621429443359e+00
4.905932426452636719e+00
4.900156974792480469e+00
4.903866767883300781e+00
4.894670963287353516e+00
4.895077705383300781e+00
4.874751091003417969e+00
4.894927024841308594e+00
4.875603199005126953e+00
4.879621982574462891e+00
4.865083694458007812e+00
4.885818004608154297e+00
4.868098735809326172e+00
4.856183528900146484e+00
4.880243301391601562e+00
4.849915981292724609e+00
4.867173194885253906e+00
4.869637489318847656e+00
4.846865653991699219e+00
4.842778682708740234e+00
4.855095863342285156e+00
4.854290008544921875e+00
4.864501953125000000e+00
4.821878433227539062e+00
4.852375030517578125e+00
4.846160888671875000e+00
4.836295127868652344e+00
4.841495037078857422e+00
4.854838371276855469e+00
4.845571517944335938e+00
4.820540904998779297e+00
4.822185993194580078e+00
4.846998214721679688e+00
4.811997413635253906e+00
4.843277931213378906e+00
4.821997165679931641e+00
4.823848247528076172e+00
4.813423633575439453e+00
4.816884040832519531e+00
4.813410282135009766e+00
4.808602333068847656e+00
4.817592144012451172e+00
4.809501647949218750e+00
4.805929183959960938e+00
4.773248195648193359e+00
4.805170059204101562e+00
4.796868801116943359e+00
4.787561416625976562e+00
4.786489009857177734e+00
4.781296730041503906e+00
4.782477378845214844e+00
4.762648105621337891e+00
